time,B2,B3,B4,B5,B6,B7,B8,B9,B10,B11,C2,C3,C4,C5,C6,C7,C8,C9,C10,C11,D2,D3,D4,D5,D6,D7,D8,D9,D10,D11,E2,E3,E4,E5,E6,E7,E8,E9,E10,E11,F2,F3,F4,F5,F6,F7,F8,F9,F10,F11,G2,G3,G4,G5,G6,G7,G8,G9,G10,G11
Raw Data (600) 1 - 0 h  ,0.065,0.065,0.066,0.066,0.067,0.066,0.073,0.070,0.074,0.060,0.068,0.065,0.064,0.067,0.065,0.068,0.074,0.077,0.070,0.061,0.066,0.071,0.066,0.063,0.067,0.065,0.073,0.074,0.071,0.058,0.066,0.066,0.065,0.063,0.066,0.070,0.073,0.073,0.075,0.059,0.074,0.067,0.067,0.065,0.064,0.067,0.077,0.073,0.072,0.058,0.068,0.066,0.064,0.064,0.066,0.068,0.073,0.073,0.069,0.063
Raw Data (600) 2 - 0 h 17 min ,0.071,0.074,0.073,0.073,0.073,0.070,0.076,0.074,0.078,0.064,0.070,0.068,0.070,0.071,0.074,0.073,0.078,0.078,0.077,0.062,0.070,0.076,0.071,0.070,0.073,0.074,0.075,0.080,0.076,0.067,0.071,0.069,0.071,0.070,0.075,0.078,0.076,0.077,0.077,0.062,0.075,0.069,0.071,0.070,0.069,0.068,0.079,0.076,0.073,0.063,0.070,0.071,0.069,0.068,0.071,0.070,0.077,0.077,0.075,0.067
Raw Data (600) 3 - 0 h 34 min ,0.072,0.073,0.070,0.074,0.075,0.077,0.077,0.074,0.074,0.064,0.071,0.070,0.070,0.073,0.074,0.073,0.076,0.080,0.074,0.063,0.072,0.076,0.072,0.071,0.073,0.071,0.074,0.078,0.075,0.065,0.073,0.070,0.073,0.072,0.072,0.079,0.075,0.076,0.077,0.062,0.078,0.073,0.073,0.075,0.070,0.071,0.078,0.074,0.075,0.065,0.070,0.070,0.079,0.070,0.074,0.073,0.074,0.076,0.074,0.065
Raw Data (600) 4 - 0 h 51 min ,0.071,0.080,0.072,0.072,0.073,0.076,0.075,0.074,0.071,0.060,0.070,0.069,0.069,0.074,0.073,0.072,0.077,0.077,0.075,0.061,0.070,0.075,0.071,0.073,0.073,0.074,0.074,0.075,0.074,0.063,0.074,0.071,0.071,0.072,0.073,0.079,0.074,0.073,0.074,0.063,0.078,0.071,0.072,0.070,0.072,0.072,0.077,0.073,0.073,0.064,0.070,0.069,0.070,0.069,0.073,0.073,0.073,0.076,0.074,0.064
Raw Data (600) 5 - 1 h 8 min ,0.075,0.075,0.073,0.096,0.075,0.076,0.076,0.072,0.074,0.063,0.077,0.073,0.073,0.074,0.072,0.073,0.077,0.078,0.076,0.061,0.074,0.079,0.077,0.073,0.073,0.073,0.073,0.077,0.076,0.062,0.076,0.073,0.076,0.073,0.075,0.080,0.076,0.076,0.076,0.061,0.080,0.073,0.074,0.072,0.072,0.072,0.077,0.075,0.074,0.065,0.073,0.072,0.071,0.071,0.074,0.071,0.074,0.075,0.074,0.066
Raw Data (600) 6 - 1 h 25 min ,0.078,0.077,0.077,0.076,0.077,0.078,0.077,0.075,0.077,0.063,0.078,0.076,0.076,0.076,0.073,0.072,0.075,0.079,0.078,0.062,0.078,0.082,0.080,0.075,0.075,0.074,0.075,0.077,0.078,0.065,0.081,0.077,0.078,0.074,0.077,0.082,0.078,0.077,0.076,0.063,0.083,0.078,0.080,0.071,0.073,0.074,0.079,0.077,0.076,0.061,0.075,0.075,0.076,0.070,0.071,0.073,0.075,0.075,0.075,0.064
Raw Data (600) 7 - 1 h 42 min ,0.081,0.078,0.080,0.077,0.078,0.078,0.077,0.078,0.076,0.063,0.082,0.078,0.079,0.077,0.075,0.076,0.104,0.080,0.077,0.063,0.098,0.083,0.079,0.076,0.076,0.075,0.077,0.080,0.078,0.063,0.081,0.080,0.080,0.075,0.077,0.082,0.077,0.079,0.078,0.064,0.086,0.081,0.080,0.073,0.076,0.074,0.080,0.077,0.078,0.066,0.080,0.078,0.081,0.076,0.077,0.077,0.077,0.076,0.077,0.066
Raw Data (600) 8 - 2 h  ,0.082,0.081,0.082,0.092,0.077,0.080,0.081,0.081,0.081,0.064,0.083,0.081,0.082,0.079,0.078,0.080,0.098,0.083,0.080,0.063,0.081,0.086,0.082,0.076,0.080,0.081,0.077,0.083,0.081,0.067,0.083,0.081,0.082,0.076,0.076,0.082,0.079,0.082,0.081,0.065,0.088,0.083,0.080,0.075,0.076,0.094,0.083,0.080,0.080,0.062,0.083,0.081,0.082,0.076,0.078,0.078,0.077,0.076,0.077,0.068
Raw Data (600) 9 - 2 h 17 min ,0.081,0.080,0.080,0.076,0.079,0.080,0.079,0.079,0.080,0.062,0.081,0.080,0.079,0.078,0.078,0.079,0.078,0.083,0.081,0.062,0.081,0.084,0.080,0.078,0.078,0.079,0.077,0.080,0.080,0.063,0.083,0.079,0.082,0.076,0.075,0.082,0.080,0.078,0.081,0.064,0.086,0.080,0.079,0.072,0.080,0.092,0.082,0.080,0.079,0.061,0.080,0.079,0.081,0.076,0.074,0.074,0.075,0.074,0.074,0.063
Raw Data (600) 10 - 2 h 34 min ,0.082,0.081,0.081,0.075,0.081,0.080,0.080,0.081,0.080,0.061,0.081,0.078,0.079,0.079,0.076,0.078,0.080,0.085,0.082,0.060,0.081,0.084,0.081,0.079,0.077,0.082,0.079,0.082,0.079,0.064,0.084,0.081,0.083,0.079,0.078,0.084,0.081,0.082,0.082,0.062,0.086,0.082,0.082,0.073,0.078,0.079,0.083,0.082,0.080,0.061,0.081,0.080,0.080,0.075,0.079,0.078,0.074,0.074,0.074,0.063
Raw Data (600) 11 - 2 h 51 min ,0.083,0.084,0.082,0.081,0.082,0.084,0.082,0.083,0.082,0.063,0.084,0.080,0.083,0.083,0.081,0.081,0.094,0.085,0.084,0.061,0.086,0.087,0.082,0.079,0.081,0.081,0.083,0.085,0.083,0.064,0.088,0.083,0.086,0.083,0.083,0.087,0.085,0.085,0.085,0.063,0.105,0.083,0.084,0.081,0.086,0.098,0.086,0.083,0.083,0.060,0.083,0.082,0.082,0.080,0.080,0.081,0.076,0.076,0.077,0.067
Raw Data (600) 12 - 3 h 8 min ,0.082,0.081,0.080,0.078,0.080,0.081,0.083,0.086,0.082,0.060,0.084,0.080,0.083,0.084,0.080,0.081,0.083,0.087,0.083,0.062,0.086,0.088,0.085,0.081,0.080,0.082,0.081,0.086,0.084,0.061,0.088,0.082,0.085,0.079,0.081,0.087,0.084,0.085,0.085,0.060,0.090,0.084,0.084,0.078,0.082,0.102,0.086,0.087,0.084,0.063,0.083,0.079,0.082,0.080,0.079,0.081,0.075,0.075,0.077,0.064
Raw Data (600) 13 - 3 h 25 min ,0.084,0.085,0.084,0.079,0.084,0.085,0.085,0.083,0.091,0.061,0.089,0.083,0.086,0.084,0.082,0.083,0.084,0.089,0.086,0.061,0.088,0.092,0.088,0.083,0.082,0.082,0.086,0.089,0.087,0.061,0.091,0.086,0.088,0.084,0.083,0.088,0.087,0.086,0.088,0.062,0.106,0.087,0.089,0.081,0.083,0.103,0.089,0.087,0.086,0.061,0.084,0.083,0.084,0.080,0.079,0.086,0.075,0.075,0.077,0.066
Raw Data (600) 14 - 3 h 43 min ,0.088,0.088,0.086,0.081,0.085,0.086,0.087,0.087,0.092,0.062,0.091,0.088,0.092,0.086,0.084,0.088,0.087,0.090,0.090,0.062,0.094,0.100,0.091,0.086,0.086,0.086,0.088,0.095,0.094,0.067,0.095,0.091,0.091,0.084,0.084,0.089,0.091,0.092,0.091,0.060,0.105,0.092,0.092,0.081,0.085,0.102,0.093,0.091,0.088,0.062,0.085,0.084,0.086,0.082,0.081,0.083,0.076,0.075,0.077,0.066
Raw Data (600) 15 - 4 h  ,0.089,0.089,0.089,0.081,0.085,0.085,0.088,0.090,0.090,0.061,0.095,0.092,0.093,0.087,0.086,0.088,0.089,0.094,0.091,0.061,0.097,0.101,0.094,0.084,0.083,0.088,0.092,0.093,0.092,0.066,0.101,0.093,0.096,0.086,0.087,0.090,0.094,0.095,0.093,0.063,0.101,0.096,0.097,0.082,0.086,0.095,0.094,0.096,0.094,0.061,0.086,0.085,0.085,0.082,0.081,0.087,0.077,0.077,0.077,0.066
Raw Data (600) 16 - 4 h 17 min ,0.091,0.091,0.091,0.085,0.085,0.088,0.093,0.092,0.092,0.060,0.100,0.098,0.098,0.089,0.087,0.088,0.092,0.097,0.096,0.060,0.128,0.110,0.103,0.086,0.086,0.089,0.095,0.100,0.097,0.064,0.104,0.100,0.104,0.089,0.089,0.094,0.098,0.099,0.098,0.061,0.132,0.100,0.102,0.083,0.088,0.097,0.100,0.099,0.098,0.062,0.085,0.085,0.085,0.082,0.082,0.083,0.077,0.076,0.077,0.062
Raw Data (600) 17 - 4 h 34 min ,0.097,0.098,0.096,0.091,0.088,0.093,0.098,0.099,0.100,0.064,0.108,0.106,0.106,0.091,0.092,0.091,0.097,0.104,0.102,0.062,0.111,0.114,0.110,0.092,0.091,0.094,0.103,0.107,0.104,0.062,0.116,0.108,0.113,0.092,0.092,0.100,0.106,0.107,0.107,0.064,0.113,0.106,0.107,0.086,0.093,0.093,0.108,0.108,0.106,0.064,0.088,0.086,0.088,0.084,0.085,0.095,0.079,0.076,0.079,0.065
Raw Data (600) 18 - 4 h 51 min ,0.101,0.101,0.099,0.088,0.091,0.093,0.104,0.105,0.111,0.061,0.119,0.115,0.113,0.093,0.091,0.095,0.132,0.113,0.113,0.063,0.123,0.123,0.118,0.092,0.093,0.096,0.111,0.114,0.116,0.065,0.130,0.121,0.120,0.093,0.090,0.101,0.117,0.118,0.117,0.065,0.123,0.114,0.113,0.089,0.094,0.101,0.119,0.118,0.117,0.063,0.087,0.087,0.089,0.084,0.084,0.085,0.080,0.078,0.079,0.067
Raw Data (600) 19 - 5 h 9 min ,0.105,0.106,0.104,0.089,0.092,0.091,0.114,0.117,0.117,0.061,0.127,0.123,0.123,0.094,0.094,0.094,0.115,0.124,0.122,0.060,0.133,0.133,0.128,0.093,0.095,0.098,0.123,0.129,0.128,0.063,0.139,0.131,0.127,0.094,0.094,0.102,0.130,0.132,0.133,0.063,0.139,0.129,0.131,0.093,0.097,0.104,0.127,0.125,0.126,0.061,0.088,0.086,0.086,0.085,0.083,0.085,0.076,0.075,0.079,0.065
Raw Data (600) 20 - 5 h 26 min ,0.113,0.113,0.110,0.093,0.095,0.098,0.131,0.138,0.130,0.060,0.152,0.142,0.140,0.097,0.098,0.099,0.136,0.146,0.144,0.063,0.161,0.157,0.146,0.098,0.100,0.104,0.149,0.153,0.154,0.062,0.160,0.144,0.135,0.102,0.098,0.106,0.157,0.158,0.159,0.063,0.181,0.167,0.170,0.094,0.102,0.108,0.133,0.132,0.133,0.061,0.088,0.088,0.088,0.085,0.084,0.085,0.077,0.076,0.079,0.068
Raw Data (600) 21 - 5 h 43 min ,0.124,0.125,0.123,0.096,0.097,0.100,0.156,0.168,0.162,0.061,0.168,0.162,0.160,0.104,0.102,0.101,0.170,0.177,0.176,0.061,0.171,0.170,0.163,0.103,0.101,0.106,0.190,0.190,0.191,0.064,0.179,0.166,0.163,0.104,0.103,0.110,0.203,0.199,0.200,0.065,0.217,0.201,0.206,0.098,0.103,0.116,0.136,0.135,0.137,0.065,0.089,0.088,0.088,0.086,0.085,0.088,0.079,0.077,0.078,0.067
Raw Data (600) 22 - 6 h  ,0.138,0.138,0.137,0.099,0.100,0.104,0.200,0.212,0.198,0.062,0.197,0.198,0.181,0.105,0.105,0.105,0.225,0.234,0.229,0.063,0.197,0.199,0.181,0.108,0.107,0.108,0.259,0.252,0.259,0.062,0.243,0.230,0.224,0.108,0.106,0.113,0.272,0.263,0.261,0.063,0.244,0.240,0.235,0.115,0.109,0.142,0.138,0.136,0.137,0.062,0.090,0.087,0.090,0.086,0.086,0.086,0.078,0.078,0.079,0.065
Raw Data (600) 23 - 6 h 17 min ,0.155,0.154,0.153,0.101,0.102,0.106,0.265,0.268,0.256,0.062,0.204,0.194,0.185,0.110,0.107,0.110,0.306,0.297,0.298,0.064,0.205,0.207,0.194,0.109,0.107,0.111,0.310,0.319,0.313,0.064,0.293,0.279,0.276,0.111,0.111,0.116,0.267,0.264,0.267,0.063,0.263,0.253,0.245,0.104,0.108,0.104,0.139,0.139,0.139,0.062,0.091,0.087,0.088,0.086,0.086,0.088,0.078,0.078,0.080,0.065
Raw Data (600) 24 - 6 h 34 min ,0.180,0.167,0.164,0.106,0.107,0.108,0.305,0.308,0.313,0.062,0.223,0.214,0.204,0.113,0.112,0.116,0.320,0.325,0.318,0.060,0.233,0.234,0.214,0.110,0.114,0.114,0.314,0.329,0.317,0.061,0.357,0.330,0.331,0.114,0.111,0.121,0.267,0.266,0.269,0.063,0.270,0.263,0.254,0.110,0.111,0.102,0.142,0.141,0.144,0.062,0.092,0.088,0.089,0.087,0.086,0.086,0.078,0.080,0.079,0.065
Raw Data (600) 25 - 6 h 51 min ,0.186,0.187,0.186,0.109,0.110,0.112,0.306,0.318,0.307,0.063,0.246,0.238,0.233,0.116,0.117,0.118,0.329,0.328,0.319,0.063,0.260,0.257,0.242,0.117,0.114,0.115,0.316,0.321,0.318,0.061,0.423,0.400,0.398,0.116,0.115,0.121,0.271,0.267,0.272,0.063,0.277,0.271,0.265,0.124,0.117,0.102,0.145,0.145,0.144,0.061,0.091,0.089,0.089,0.086,0.087,0.087,0.078,0.079,0.081,0.066
Raw Data (600) 26 - 7 h 9 min ,0.195,0.191,0.189,0.114,0.117,0.116,0.324,0.336,0.333,0.064,0.278,0.272,0.261,0.125,0.120,0.121,0.348,0.326,0.327,0.061,0.292,0.290,0.275,0.124,0.121,0.122,0.325,0.327,0.328,0.065,0.446,0.441,0.449,0.120,0.119,0.124,0.280,0.279,0.280,0.063,0.304,0.288,0.282,0.121,0.124,0.124,0.148,0.147,0.148,0.061,0.093,0.090,0.091,0.088,0.086,0.087,0.079,0.080,0.080,0.068
Raw Data (600) 27 - 7 h 26 min ,0.209,0.207,0.206,0.116,0.118,0.122,0.324,0.334,0.331,0.062,0.314,0.305,0.296,0.128,0.122,0.124,0.337,0.330,0.328,0.062,0.325,0.323,0.310,0.124,0.122,0.128,0.335,0.341,0.336,0.064,0.467,0.460,0.468,0.122,0.121,0.128,0.283,0.280,0.283,0.061,0.287,0.281,0.286,0.119,0.124,0.130,0.149,0.148,0.146,0.064,0.092,0.088,0.092,0.086,0.089,0.089,0.079,0.081,0.080,0.067
Raw Data (600) 28 - 7 h 43 min ,0.240,0.237,0.232,0.126,0.130,0.127,0.328,0.332,0.331,0.063,0.349,0.343,0.335,0.140,0.129,0.133,0.341,0.338,0.340,0.062,0.353,0.355,0.342,0.131,0.132,0.132,0.339,0.347,0.341,0.065,0.477,0.469,0.469,0.126,0.128,0.133,0.287,0.285,0.283,0.061,0.294,0.291,0.292,0.129,0.123,0.153,0.153,0.150,0.151,0.062,0.094,0.090,0.093,0.090,0.089,0.091,0.081,0.081,0.082,0.067
Raw Data (600) 29 - 8 h  ,0.274,0.271,0.270,0.127,0.126,0.130,0.326,0.331,0.332,0.063,0.377,0.370,0.363,0.134,0.131,0.133,0.349,0.343,0.340,0.061,0.372,0.375,0.361,0.131,0.133,0.134,0.339,0.343,0.339,0.062,0.481,0.471,0.473,0.131,0.126,0.137,0.283,0.280,0.282,0.065,0.293,0.283,0.289,0.122,0.130,0.129,0.155,0.153,0.154,0.063,0.094,0.090,0.093,0.090,0.089,0.091,0.081,0.081,0.082,0.066
Raw Data (600) 30 - 8 h 17 min ,0.315,0.311,0.310,0.131,0.132,0.136,0.331,0.336,0.334,0.063,0.394,0.388,0.382,0.145,0.137,0.138,0.346,0.343,0.344,0.062,0.388,0.392,0.378,0.137,0.142,0.145,0.339,0.346,0.342,0.064,0.488,0.478,0.479,0.146,0.136,0.144,0.283,0.281,0.282,0.063,0.294,0.285,0.291,0.140,0.137,0.151,0.156,0.157,0.156,0.062,0.094,0.091,0.091,0.089,0.089,0.091,0.082,0.083,0.082,0.064
Raw Data (600) 31 - 8 h 35 min ,0.346,0.344,0.343,0.143,0.137,0.139,0.338,0.339,0.338,0.062,0.407,0.404,0.399,0.151,0.142,0.144,0.347,0.345,0.341,0.061,0.403,0.405,0.393,0.157,0.146,0.154,0.340,0.345,0.343,0.063,0.490,0.481,0.484,0.145,0.139,0.144,0.290,0.281,0.289,0.062,0.296,0.286,0.291,0.190,0.145,0.185,0.158,0.159,0.158,0.061,0.093,0.091,0.090,0.091,0.090,0.092,0.082,0.081,0.084,0.062
Raw Data (600) 32 - 8 h 52 min ,0.376,0.372,0.370,0.139,0.140,0.142,0.341,0.341,0.343,0.063,0.423,0.420,0.412,0.148,0.150,0.148,0.347,0.347,0.346,0.062,0.430,0.429,0.421,0.241,0.189,0.179,0.342,0.345,0.344,0.062,0.494,0.485,0.485,0.401,0.335,0.225,0.291,0.289,0.289,0.063,0.301,0.289,0.288,0.171,0.269,0.178,0.161,0.159,0.160,0.065,0.094,0.089,0.092,0.091,0.090,0.093,0.083,0.084,0.085,0.066
Raw Data (600) 33 - 9 h 9 min ,0.394,0.393,0.389,0.149,0.146,0.150,0.340,0.344,0.343,0.063,0.448,0.445,0.441,0.184,0.174,0.187,0.347,0.349,0.347,0.061,0.458,0.458,0.450,0.162,0.158,0.156,0.342,0.348,0.344,0.063,0.494,0.486,0.486,0.148,0.149,0.159,0.292,0.289,0.289,0.064,0.303,0.292,0.294,0.152,0.160,0.175,0.163,0.163,0.166,0.064,0.093,0.090,0.091,0.092,0.092,0.092,0.083,0.085,0.085,0.064
Raw Data (600) 34 - 9 h 26 min ,0.408,0.407,0.402,0.174,0.172,0.172,0.345,0.344,0.345,0.063,0.470,0.466,0.465,0.162,0.164,0.164,0.348,0.349,0.346,0.059,0.478,0.482,0.473,0.163,0.163,0.163,0.342,0.349,0.344,0.062,0.491,0.488,0.485,0.157,0.153,0.167,0.292,0.289,0.287,0.062,0.306,0.296,0.294,0.172,0.168,0.142,0.165,0.165,0.169,0.065,0.094,0.090,0.094,0.094,0.092,0.092,0.083,0.084,0.085,0.064
Raw Data (600) 35 - 9 h 43 min ,0.438,0.435,0.439,0.159,0.163,0.163,0.347,0.348,0.349,0.064,0.491,0.487,0.484,0.175,0.172,0.177,0.353,0.351,0.349,0.061,0.495,0.500,0.491,0.167,0.168,0.172,0.345,0.348,0.346,0.061,0.490,0.484,0.480,0.161,0.160,0.165,0.293,0.289,0.287,0.062,0.301,0.296,0.293,0.160,0.169,0.149,0.171,0.169,0.173,0.065,0.097,0.092,0.093,0.095,0.094,0.095,0.087,0.086,0.087,0.066
Raw Data (600) 36 - 10 h  ,0.462,0.462,0.463,0.167,0.167,0.179,0.350,0.350,0.354,0.064,0.504,0.502,0.500,0.178,0.175,0.180,0.355,0.353,0.353,0.063,0.506,0.514,0.504,0.172,0.172,0.178,0.347,0.353,0.350,0.068,0.487,0.482,0.476,0.172,0.161,0.180,0.293,0.288,0.291,0.065,0.307,0.297,0.295,0.164,0.175,0.154,0.180,0.175,0.180,0.065,0.097,0.093,0.093,0.096,0.096,0.097,0.089,0.088,0.087,0.067
Raw Data (600) 37 - 10 h 18 min ,0.483,0.484,0.484,0.179,0.180,0.180,0.350,0.352,0.354,0.062,0.515,0.511,0.508,0.184,0.174,0.179,0.354,0.355,0.351,0.061,0.515,0.522,0.513,0.173,0.175,0.176,0.347,0.352,0.350,0.064,0.482,0.477,0.470,0.188,0.172,0.176,0.294,0.290,0.289,0.061,0.308,0.299,0.295,0.175,0.179,0.165,0.181,0.179,0.185,0.062,0.097,0.092,0.094,0.096,0.095,0.096,0.088,0.086,0.086,0.065
Raw Data (600) 38 - 10 h 35 min ,0.495,0.496,0.493,0.187,0.185,0.186,0.351,0.353,0.355,0.063,0.520,0.518,0.515,0.178,0.176,0.182,0.357,0.355,0.355,0.061,0.521,0.529,0.519,0.175,0.175,0.180,0.347,0.351,0.350,0.060,0.476,0.468,0.465,0.184,0.171,0.187,0.293,0.289,0.290,0.063,0.304,0.298,0.293,0.175,0.183,0.162,0.184,0.183,0.187,0.061,0.096,0.092,0.092,0.095,0.095,0.096,0.086,0.087,0.086,0.065
Raw Data (600) 39 - 10 h 52 min ,0.504,0.504,0.509,0.190,0.188,0.190,0.359,0.359,0.361,0.064,0.526,0.524,0.522,0.186,0.176,0.186,0.357,0.357,0.356,0.062,0.526,0.534,0.526,0.176,0.181,0.182,0.349,0.355,0.354,0.064,0.474,0.467,0.464,0.187,0.178,0.189,0.294,0.292,0.292,0.062,0.305,0.297,0.295,0.183,0.194,0.166,0.190,0.187,0.195,0.062,0.095,0.091,0.092,0.096,0.096,0.096,0.088,0.088,0.088,0.067
Raw Data (600) 40 - 11 h 9 min ,0.513,0.521,0.512,0.202,0.197,0.194,0.358,0.359,0.360,0.063,0.531,0.531,0.526,0.192,0.177,0.181,0.360,0.358,0.359,0.062,0.531,0.539,0.531,0.181,0.182,0.190,0.352,0.357,0.355,0.061,0.471,0.467,0.461,0.196,0.180,0.191,0.298,0.292,0.294,0.062,0.302,0.296,0.294,0.189,0.196,0.175,0.196,0.196,0.201,0.066,0.095,0.092,0.095,0.097,0.098,0.097,0.088,0.089,0.088,0.065
Raw Data (600) 41 - 11 h 26 min ,0.513,0.514,0.513,0.194,0.184,0.194,0.359,0.363,0.364,0.062,0.530,0.529,0.529,0.187,0.177,0.181,0.362,0.362,0.359,0.060,0.533,0.539,0.528,0.180,0.194,0.189,0.353,0.358,0.355,0.065,0.464,0.457,0.456,0.201,0.198,0.199,0.295,0.293,0.294,0.064,0.300,0.293,0.293,0.198,0.209,0.180,0.204,0.201,0.206,0.062,0.095,0.091,0.093,0.098,0.097,0.098,0.088,0.088,0.087,0.064
Raw Data (600) 42 - 11 h 43 min ,0.519,0.518,0.518,0.195,0.194,0.201,0.363,0.364,0.366,0.061,0.534,0.530,0.528,0.180,0.178,0.190,0.365,0.364,0.361,0.061,0.534,0.541,0.532,0.183,0.191,0.190,0.352,0.360,0.357,0.060,0.459,0.452,0.452,0.209,0.201,0.209,0.299,0.296,0.297,0.061,0.301,0.290,0.292,0.195,0.207,0.184,0.211,0.206,0.212,0.064,0.095,0.092,0.092,0.098,0.099,0.097,0.089,0.089,0.087,0.062
Raw Data (600) 43 - 12 h 1 min ,0.533,0.521,0.520,0.194,0.206,0.205,0.368,0.370,0.370,0.062,0.535,0.531,0.530,0.180,0.184,0.184,0.365,0.365,0.365,0.061,0.538,0.547,0.536,0.188,0.196,0.195,0.359,0.362,0.361,0.065,0.457,0.450,0.449,0.223,0.211,0.224,0.302,0.298,0.300,0.061,0.299,0.290,0.292,0.203,0.213,0.188,0.212,0.211,0.217,0.063,0.097,0.092,0.094,0.100,0.100,0.100,0.090,0.089,0.089,0.067
Raw Data (600) 44 - 12 h 18 min ,0.522,0.523,0.519,0.201,0.201,0.203,0.371,0.373,0.377,0.061,0.535,0.533,0.531,0.185,0.183,0.189,0.370,0.368,0.371,0.061,0.537,0.548,0.534,0.187,0.196,0.196,0.359,0.367,0.364,0.064,0.450,0.449,0.447,0.229,0.221,0.231,0.305,0.302,0.303,0.060,0.294,0.290,0.293,0.209,0.217,0.191,0.218,0.216,0.218,0.062,0.096,0.093,0.094,0.099,0.102,0.099,0.090,0.090,0.090,0.068
Raw Data (600) 45 - 12 h 35 min ,0.523,0.522,0.524,0.210,0.210,0.207,0.378,0.378,0.380,0.063,0.537,0.535,0.533,0.189,0.193,0.194,0.374,0.371,0.374,0.063,0.540,0.546,0.538,0.195,0.204,0.207,0.363,0.366,0.365,0.063,0.448,0.446,0.446,0.242,0.232,0.245,0.305,0.303,0.306,0.065,0.298,0.291,0.292,0.218,0.228,0.195,0.240,0.221,0.219,0.061,0.098,0.095,0.095,0.101,0.101,0.103,0.092,0.091,0.091,0.065
Raw Data (600) 46 - 12 h 52 min ,0.525,0.523,0.522,0.196,0.204,0.211,0.381,0.383,0.385,0.063,0.536,0.535,0.533,0.187,0.194,0.197,0.375,0.376,0.372,0.061,0.538,0.548,0.537,0.201,0.211,0.207,0.365,0.367,0.365,0.061,0.449,0.442,0.443,0.252,0.239,0.254,0.309,0.306,0.309,0.061,0.300,0.288,0.292,0.221,0.234,0.209,0.222,0.224,0.219,0.063,0.097,0.093,0.094,0.101,0.101,0.102,0.092,0.093,0.092,0.067
Raw Data (600) 47 - 13 h 9 min ,0.524,0.523,0.525,0.213,0.201,0.220,0.386,0.385,0.388,0.063,0.537,0.536,0.534,0.193,0.199,0.202,0.379,0.375,0.380,0.062,0.540,0.547,0.539,0.206,0.214,0.216,0.368,0.373,0.373,0.067,0.442,0.439,0.437,0.258,0.250,0.259,0.312,0.308,0.311,0.062,0.295,0.288,0.292,0.231,0.237,0.210,0.223,0.222,0.222,0.064,0.098,0.094,0.095,0.104,0.103,0.104,0.091,0.092,0.092,0.068
Raw Data (600) 48 - 13 h 26 min ,0.521,0.519,0.522,0.199,0.209,0.217,0.383,0.386,0.392,0.059,0.532,0.532,0.527,0.196,0.202,0.209,0.379,0.376,0.378,0.059,0.537,0.543,0.536,0.203,0.213,0.216,0.366,0.372,0.371,0.063,0.439,0.433,0.434,0.262,0.252,0.265,0.312,0.308,0.312,0.064,0.290,0.281,0.289,0.228,0.239,0.213,0.219,0.221,0.220,0.060,0.093,0.091,0.090,0.099,0.100,0.102,0.090,0.091,0.091,0.062
Raw Data (600) 49 - 13 h 43 min ,0.521,0.521,0.520,0.203,0.207,0.216,0.391,0.391,0.392,0.061,0.535,0.532,0.532,0.212,0.212,0.233,0.386,0.380,0.382,0.062,0.538,0.545,0.536,0.211,0.221,0.224,0.372,0.378,0.378,0.061,0.437,0.430,0.433,0.275,0.263,0.277,0.318,0.312,0.317,0.067,0.293,0.284,0.286,0.241,0.244,0.230,0.224,0.222,0.221,0.065,0.099,0.093,0.095,0.104,0.105,0.104,0.094,0.094,0.094,0.065
Raw Data (600) 50 - 14 h 1 min ,0.521,0.521,0.525,0.220,0.219,0.232,0.398,0.399,0.401,0.063,0.534,0.533,0.531,0.230,0.234,0.243,0.391,0.388,0.389,0.061,0.541,0.547,0.536,0.222,0.228,0.230,0.377,0.382,0.381,0.068,0.436,0.429,0.431,0.281,0.268,0.281,0.319,0.313,0.317,0.062,0.293,0.283,0.290,0.245,0.252,0.223,0.225,0.225,0.222,0.065,0.099,0.094,0.095,0.103,0.103,0.104,0.096,0.095,0.097,0.067
Raw Data (600) 51 - 14 h 18 min ,0.520,0.520,0.522,0.235,0.241,0.240,0.400,0.401,0.404,0.063,0.532,0.531,0.532,0.253,0.252,0.262,0.394,0.391,0.393,0.061,0.538,0.546,0.537,0.232,0.235,0.244,0.382,0.387,0.383,0.060,0.437,0.429,0.428,0.281,0.279,0.286,0.320,0.316,0.320,0.062,0.284,0.281,0.287,0.245,0.254,0.224,0.224,0.222,0.224,0.063,0.097,0.096,0.097,0.106,0.106,0.104,0.091,0.093,0.099,0.065
Raw Data (600) 52 - 14 h 35 min ,0.517,0.518,0.519,0.249,0.248,0.255,0.405,0.404,0.406,0.063,0.532,0.529,0.529,0.272,0.273,0.279,0.395,0.393,0.395,0.061,0.537,0.544,0.536,0.239,0.248,0.255,0.383,0.387,0.386,0.064,0.433,0.427,0.427,0.292,0.280,0.297,0.321,0.318,0.323,0.063,0.288,0.280,0.283,0.250,0.262,0.240,0.224,0.223,0.225,0.066,0.098,0.092,0.093,0.104,0.106,0.106,0.095,0.096,0.098,0.064
Raw Data (600) 53 - 14 h 52 min ,0.517,0.518,0.518,0.269,0.267,0.270,0.409,0.408,0.411,0.063,0.532,0.529,0.527,0.292,0.291,0.297,0.400,0.398,0.398,0.064,0.537,0.542,0.534,0.255,0.261,0.265,0.385,0.389,0.390,0.066,0.430,0.424,0.426,0.298,0.286,0.300,0.325,0.320,0.323,0.062,0.284,0.276,0.281,0.254,0.266,0.237,0.227,0.224,0.227,0.060,0.099,0.094,0.097,0.106,0.107,0.109,0.096,0.096,0.098,0.066
Raw Data (600) 54 - 15 h 9 min ,0.520,0.517,0.517,0.284,0.283,0.286,0.410,0.409,0.413,0.062,0.530,0.529,0.528,0.313,0.310,0.313,0.404,0.401,0.403,0.063,0.536,0.545,0.534,0.267,0.277,0.279,0.389,0.395,0.393,0.066,0.428,0.421,0.420,0.303,0.294,0.308,0.326,0.322,0.326,0.064,0.283,0.274,0.279,0.264,0.273,0.243,0.226,0.226,0.227,0.066,0.098,0.094,0.094,0.107,0.107,0.109,0.099,0.096,0.100,0.066
Raw Data (600) 55 - 15 h 26 min ,0.516,0.517,0.515,0.297,0.296,0.297,0.412,0.413,0.416,0.060,0.530,0.528,0.525,0.328,0.325,0.330,0.405,0.403,0.405,0.060,0.534,0.542,0.532,0.280,0.288,0.293,0.391,0.396,0.397,0.064,0.423,0.419,0.415,0.308,0.299,0.308,0.326,0.322,0.326,0.061,0.282,0.271,0.273,0.266,0.277,0.246,0.227,0.224,0.227,0.062,0.098,0.092,0.094,0.106,0.106,0.108,0.095,0.096,0.099,0.064
Raw Data (600) 56 - 15 h 44 min ,0.516,0.517,0.516,0.313,0.311,0.314,0.419,0.418,0.420,0.063,0.532,0.530,0.525,0.346,0.343,0.345,0.412,0.407,0.410,0.061,0.535,0.545,0.533,0.298,0.304,0.309,0.398,0.403,0.403,0.064,0.423,0.416,0.415,0.319,0.314,0.323,0.329,0.325,0.327,0.066,0.283,0.270,0.275,0.273,0.285,0.252,0.227,0.228,0.231,0.062,0.100,0.093,0.094,0.107,0.109,0.111,0.099,0.098,0.101,0.066
Raw Data (600) 57 - 16 h 1 min ,0.512,0.513,0.516,0.321,0.317,0.318,0.419,0.420,0.423,0.061,0.527,0.523,0.525,0.359,0.352,0.354,0.413,0.408,0.413,0.062,0.532,0.539,0.531,0.312,0.320,0.322,0.400,0.406,0.406,0.067,0.419,0.414,0.411,0.330,0.325,0.332,0.332,0.327,0.329,0.061,0.278,0.267,0.272,0.278,0.285,0.255,0.228,0.226,0.228,0.063,0.098,0.093,0.093,0.108,0.107,0.110,0.101,0.097,0.101,0.063
Raw Data (600) 58 - 16 h 18 min ,0.515,0.514,0.515,0.333,0.328,0.326,0.422,0.423,0.424,0.063,0.528,0.529,0.525,0.376,0.366,0.368,0.418,0.414,0.415,0.063,0.535,0.542,0.532,0.330,0.333,0.338,0.404,0.410,0.409,0.065,0.416,0.410,0.408,0.345,0.342,0.353,0.330,0.328,0.333,0.065,0.279,0.267,0.275,0.281,0.293,0.265,0.230,0.229,0.232,0.062,0.100,0.095,0.095,0.109,0.110,0.112,0.099,0.097,0.101,0.065
Raw Data (600) 59 - 16 h 35 min ,0.514,0.513,0.512,0.340,0.332,0.331,0.427,0.422,0.427,0.064,0.526,0.525,0.523,0.384,0.375,0.374,0.419,0.414,0.418,0.063,0.532,0.540,0.529,0.342,0.345,0.350,0.406,0.410,0.412,0.064,0.413,0.406,0.406,0.358,0.353,0.358,0.331,0.328,0.333,0.067,0.278,0.267,0.276,0.286,0.297,0.264,0.229,0.229,0.231,0.062,0.099,0.093,0.095,0.109,0.111,0.113,0.101,0.101,0.104,0.069
Raw Data (600) 60 - 16 h 52 min ,0.512,0.512,0.512,0.346,0.338,0.337,0.425,0.426,0.429,0.062,0.524,0.522,0.522,0.393,0.383,0.384,0.421,0.417,0.421,0.064,0.531,0.539,0.529,0.354,0.355,0.360,0.408,0.412,0.411,0.061,0.409,0.403,0.403,0.381,0.372,0.375,0.333,0.329,0.333,0.064,0.277,0.266,0.272,0.292,0.298,0.268,0.227,0.224,0.230,0.063,0.097,0.093,0.094,0.111,0.110,0.112,0.100,0.101,0.106,0.065
Raw Data (600) 61 - 17 h 10 min ,0.510,0.514,0.511,0.352,0.346,0.344,0.428,0.430,0.429,0.063,0.524,0.523,0.522,0.404,0.392,0.392,0.427,0.420,0.423,0.062,0.531,0.536,0.531,0.364,0.367,0.368,0.414,0.417,0.416,0.065,0.406,0.402,0.401,0.401,0.386,0.393,0.333,0.331,0.338,0.062,0.277,0.266,0.269,0.297,0.303,0.283,0.229,0.227,0.233,0.062,0.099,0.095,0.094,0.110,0.111,0.114,0.102,0.101,0.104,0.067
Raw Data (600) 62 - 17 h 27 min ,0.512,0.511,0.510,0.356,0.350,0.346,0.429,0.429,0.433,0.064,0.524,0.523,0.522,0.413,0.400,0.398,0.428,0.423,0.426,0.062,0.531,0.539,0.528,0.373,0.377,0.380,0.416,0.419,0.419,0.066,0.405,0.398,0.400,0.430,0.404,0.409,0.334,0.330,0.338,0.064,0.275,0.265,0.271,0.302,0.307,0.274,0.228,0.228,0.234,0.066,0.102,0.095,0.096,0.113,0.112,0.114,0.102,0.100,0.107,0.065
Raw Data (600) 63 - 17 h 44 min ,0.509,0.510,0.509,0.359,0.352,0.348,0.431,0.434,0.432,0.063,0.522,0.521,0.521,0.420,0.406,0.403,0.431,0.426,0.426,0.061,0.530,0.536,0.528,0.382,0.383,0.391,0.417,0.421,0.422,0.066,0.403,0.396,0.397,0.457,0.420,0.421,0.335,0.331,0.340,0.066,0.275,0.265,0.270,0.308,0.309,0.283,0.227,0.229,0.233,0.064,0.099,0.094,0.095,0.114,0.112,0.115,0.101,0.101,0.106,0.065
Raw Data (600) 64 - 18 h 1 min ,0.508,0.506,0.506,0.361,0.354,0.350,0.429,0.431,0.433,0.061,0.522,0.522,0.518,0.431,0.406,0.408,0.431,0.424,0.428,0.063,0.528,0.537,0.525,0.387,0.387,0.390,0.419,0.424,0.422,0.063,0.398,0.393,0.390,0.468,0.436,0.434,0.334,0.331,0.342,0.061,0.270,0.263,0.269,0.313,0.308,0.283,0.226,0.225,0.231,0.066,0.098,0.093,0.094,0.111,0.112,0.113,0.100,0.101,0.106,0.064
Raw Data (600) 65 - 18 h 18 min ,0.507,0.506,0.506,0.361,0.354,0.350,0.435,0.436,0.436,0.061,0.519,0.518,0.518,0.428,0.414,0.409,0.434,0.426,0.430,0.058,0.526,0.533,0.524,0.398,0.398,0.400,0.421,0.423,0.422,0.063,0.396,0.387,0.388,0.503,0.455,0.458,0.334,0.330,0.342,0.061,0.271,0.262,0.267,0.314,0.319,0.289,0.228,0.225,0.232,0.060,0.098,0.090,0.093,0.113,0.113,0.115,0.099,0.099,0.105,0.064
Raw Data (600) 66 - 18 h 35 min ,0.506,0.506,0.505,0.363,0.356,0.351,0.431,0.432,0.433,0.060,0.518,0.517,0.516,0.434,0.415,0.413,0.435,0.430,0.430,0.061,0.527,0.533,0.526,0.405,0.404,0.408,0.423,0.425,0.425,0.061,0.394,0.388,0.386,0.520,0.475,0.475,0.336,0.331,0.344,0.062,0.272,0.262,0.265,0.322,0.321,0.292,0.227,0.225,0.232,0.061,0.098,0.092,0.093,0.112,0.113,0.116,0.102,0.101,0.108,0.066
Raw Data (600) 67 - 18 h 52 min ,0.506,0.504,0.506,0.366,0.357,0.353,0.433,0.436,0.438,0.061,0.520,0.518,0.517,0.438,0.420,0.415,0.438,0.433,0.432,0.062,0.527,0.533,0.524,0.412,0.409,0.418,0.426,0.428,0.428,0.066,0.393,0.386,0.384,0.530,0.486,0.488,0.336,0.335,0.344,0.066,0.273,0.263,0.266,0.328,0.327,0.296,0.227,0.225,0.233,0.065,0.096,0.092,0.093,0.115,0.113,0.117,0.104,0.102,0.108,0.064
Raw Data (600) 68 - 19 h 10 min ,0.505,0.506,0.503,0.366,0.359,0.354,0.436,0.435,0.436,0.061,0.517,0.517,0.518,0.439,0.421,0.417,0.439,0.435,0.435,0.062,0.524,0.531,0.522,0.420,0.418,0.423,0.429,0.430,0.428,0.061,0.391,0.382,0.385,0.540,0.502,0.501,0.338,0.334,0.345,0.063,0.272,0.262,0.262,0.329,0.330,0.301,0.227,0.225,0.232,0.066,0.099,0.092,0.094,0.114,0.114,0.117,0.101,0.100,0.107,0.062
Raw Data (600) 69 - 19 h 27 min ,0.506,0.504,0.507,0.367,0.360,0.356,0.439,0.436,0.438,0.063,0.519,0.518,0.517,0.443,0.425,0.417,0.444,0.435,0.437,0.062,0.525,0.535,0.523,0.427,0.423,0.426,0.431,0.433,0.430,0.063,0.388,0.380,0.380,0.538,0.507,0.509,0.339,0.335,0.348,0.061,0.268,0.258,0.265,0.337,0.334,0.305,0.227,0.229,0.235,0.066,0.100,0.094,0.096,0.115,0.115,0.118,0.102,0.101,0.111,0.066
Raw Data (600) 70 - 19 h 44 min ,0.503,0.503,0.503,0.365,0.357,0.355,0.437,0.438,0.437,0.060,0.518,0.514,0.513,0.440,0.421,0.416,0.441,0.436,0.436,0.063,0.523,0.531,0.521,0.431,0.430,0.434,0.431,0.434,0.432,0.066,0.384,0.375,0.378,0.540,0.511,0.511,0.340,0.337,0.350,0.063,0.268,0.259,0.263,0.340,0.337,0.308,0.231,0.225,0.232,0.060,0.098,0.093,0.094,0.114,0.116,0.117,0.102,0.101,0.111,0.062
Raw Data (600) 71 - 20 h 1 min ,0.502,0.502,0.501,0.366,0.357,0.353,0.437,0.438,0.436,0.062,0.515,0.512,0.512,0.440,0.423,0.418,0.440,0.434,0.436,0.060,0.521,0.528,0.520,0.435,0.433,0.439,0.430,0.435,0.433,0.064,0.384,0.375,0.377,0.542,0.515,0.516,0.338,0.334,0.349,0.061,0.267,0.259,0.262,0.345,0.337,0.309,0.225,0.223,0.231,0.065,0.096,0.093,0.092,0.114,0.116,0.117,0.101,0.101,0.109,0.062
Raw Data (600) 72 - 20 h 18 min ,0.502,0.504,0.500,0.370,0.357,0.356,0.437,0.441,0.441,0.062,0.515,0.515,0.513,0.442,0.425,0.417,0.443,0.438,0.439,0.062,0.522,0.530,0.520,0.439,0.439,0.444,0.433,0.436,0.434,0.066,0.380,0.371,0.374,0.541,0.517,0.523,0.340,0.335,0.352,0.064,0.267,0.256,0.260,0.351,0.345,0.316,0.226,0.226,0.233,0.060,0.099,0.094,0.094,0.118,0.118,0.118,0.102,0.105,0.111,0.066
Raw Data (600) 73 - 20 h 36 min ,0.501,0.503,0.501,0.367,0.357,0.355,0.436,0.438,0.437,0.063,0.514,0.513,0.510,0.441,0.424,0.417,0.443,0.438,0.438,0.061,0.520,0.528,0.520,0.444,0.443,0.442,0.434,0.435,0.434,0.061,0.378,0.370,0.373,0.539,0.515,0.519,0.339,0.336,0.354,0.065,0.266,0.255,0.259,0.357,0.345,0.319,0.226,0.228,0.232,0.061,0.098,0.093,0.093,0.116,0.115,0.118,0.100,0.102,0.109,0.064
Raw Data (600) 74 - 20 h 53 min ,0.504,0.502,0.503,0.370,0.360,0.356,0.440,0.440,0.444,0.066,0.514,0.514,0.512,0.442,0.426,0.419,0.446,0.439,0.441,0.064,0.523,0.531,0.521,0.450,0.451,0.449,0.439,0.441,0.439,0.066,0.379,0.371,0.373,0.542,0.520,0.524,0.344,0.340,0.358,0.066,0.268,0.258,0.261,0.367,0.353,0.328,0.230,0.228,0.234,0.065,0.101,0.095,0.097,0.121,0.120,0.125,0.105,0.107,0.113,0.068
Raw Data (600) 75 - 21 h 10 min ,0.499,0.500,0.498,0.363,0.356,0.354,0.438,0.437,0.439,0.061,0.512,0.512,0.510,0.441,0.423,0.416,0.446,0.439,0.440,0.059,0.521,0.529,0.520,0.445,0.448,0.448,0.437,0.437,0.436,0.060,0.376,0.365,0.369,0.535,0.511,0.516,0.340,0.339,0.355,0.062,0.263,0.254,0.256,0.377,0.357,0.331,0.226,0.224,0.231,0.062,0.099,0.092,0.094,0.118,0.116,0.120,0.102,0.106,0.108,0.064
Raw Data (600) 76 - 21 h 27 min ,0.501,0.498,0.498,0.364,0.357,0.353,0.437,0.438,0.439,0.060,0.512,0.511,0.510,0.441,0.422,0.415,0.445,0.439,0.440,0.063,0.520,0.526,0.516,0.446,0.451,0.450,0.437,0.438,0.438,0.065,0.372,0.365,0.366,0.530,0.507,0.512,0.343,0.340,0.358,0.064,0.263,0.254,0.257,0.388,0.366,0.342,0.226,0.223,0.235,0.063,0.098,0.094,0.094,0.119,0.121,0.121,0.106,0.105,0.113,0.065
Raw Data (600) 77 - 21 h 44 min ,0.499,0.498,0.502,0.366,0.356,0.355,0.437,0.439,0.441,0.064,0.513,0.511,0.510,0.441,0.425,0.418,0.448,0.439,0.441,0.063,0.521,0.528,0.519,0.450,0.455,0.451,0.438,0.442,0.438,0.063,0.374,0.363,0.366,0.531,0.506,0.512,0.343,0.343,0.360,0.063,0.263,0.253,0.254,0.398,0.376,0.352,0.226,0.226,0.234,0.063,0.100,0.093,0.096,0.121,0.121,0.123,0.108,0.106,0.115,0.065
Raw Data (600) 78 - 22 h 1 min ,0.499,0.499,0.500,0.364,0.359,0.356,0.440,0.439,0.440,0.064,0.512,0.510,0.508,0.440,0.423,0.416,0.447,0.441,0.443,0.063,0.520,0.526,0.517,0.449,0.457,0.450,0.440,0.441,0.440,0.067,0.370,0.362,0.365,0.522,0.500,0.505,0.346,0.343,0.361,0.063,0.262,0.254,0.255,0.403,0.384,0.357,0.227,0.223,0.234,0.061,0.099,0.096,0.095,0.120,0.121,0.124,0.104,0.104,0.114,0.065
Raw Data (600) 79 - 22 h 18 min ,0.497,0.496,0.495,0.365,0.356,0.353,0.437,0.439,0.438,0.063,0.511,0.509,0.507,0.438,0.421,0.416,0.447,0.440,0.442,0.060,0.518,0.526,0.516,0.451,0.454,0.451,0.438,0.440,0.439,0.064,0.368,0.361,0.363,0.520,0.493,0.501,0.346,0.343,0.360,0.060,0.260,0.253,0.254,0.406,0.389,0.364,0.225,0.221,0.230,0.065,0.099,0.092,0.095,0.120,0.120,0.123,0.103,0.102,0.112,0.062
Raw Data (600) 80 - 22 h 36 min ,0.495,0.496,0.496,0.363,0.357,0.352,0.441,0.440,0.438,0.061,0.511,0.508,0.509,0.439,0.421,0.413,0.449,0.441,0.441,0.062,0.516,0.526,0.516,0.447,0.454,0.452,0.439,0.441,0.439,0.067,0.365,0.357,0.361,0.516,0.494,0.497,0.346,0.344,0.361,0.065,0.260,0.251,0.251,0.414,0.398,0.370,0.225,0.223,0.232,0.060,0.099,0.094,0.094,0.120,0.119,0.122,0.104,0.107,0.113,0.063
Raw Data (600) 81 - 22 h 53 min ,0.495,0.495,0.498,0.365,0.355,0.351,0.437,0.438,0.436,0.062,0.509,0.506,0.507,0.441,0.420,0.441,0.447,0.440,0.441,0.059,0.516,0.523,0.513,0.448,0.455,0.452,0.440,0.442,0.440,0.065,0.365,0.355,0.357,0.510,0.488,0.491,0.347,0.346,0.360,0.061,0.254,0.248,0.254,0.416,0.399,0.369,0.225,0.220,0.233,0.065,0.098,0.095,0.095,0.122,0.121,0.120,0.104,0.104,0.114,0.063
Raw Data (600) 82 - 23 h 10 min ,0.496,0.495,0.494,0.360,0.354,0.351,0.438,0.438,0.437,0.061,0.509,0.507,0.506,0.437,0.421,0.411,0.447,0.442,0.440,0.062,0.516,0.524,0.513,0.442,0.449,0.464,0.438,0.439,0.438,0.064,0.361,0.354,0.356,0.500,0.481,0.492,0.347,0.346,0.361,0.064,0.257,0.250,0.250,0.418,0.406,0.374,0.225,0.221,0.231,0.061,0.098,0.094,0.094,0.122,0.123,0.123,0.103,0.103,0.114,0.066
Raw Data (600) 83 - 23 h 27 min ,0.495,0.496,0.496,0.364,0.356,0.351,0.439,0.440,0.438,0.064,0.508,0.509,0.507,0.434,0.422,0.414,0.450,0.444,0.443,0.064,0.519,0.525,0.516,0.449,0.454,0.451,0.441,0.444,0.442,0.066,0.365,0.353,0.358,0.503,0.480,0.484,0.350,0.348,0.363,0.064,0.258,0.251,0.251,0.426,0.413,0.380,0.226,0.224,0.233,0.063,0.100,0.096,0.096,0.124,0.123,0.126,0.107,0.106,0.116,0.065
Raw Data (600) 84 - 23 h 44 min ,0.494,0.494,0.494,0.365,0.355,0.351,0.439,0.436,0.437,0.061,0.507,0.507,0.507,0.435,0.420,0.413,0.448,0.445,0.441,0.059,0.516,0.523,0.511,0.441,0.447,0.448,0.441,0.442,0.443,0.065,0.362,0.350,0.355,0.485,0.472,0.479,0.349,0.347,0.363,0.062,0.256,0.246,0.247,0.427,0.417,0.387,0.223,0.220,0.232,0.061,0.096,0.095,0.094,0.122,0.122,0.125,0.105,0.104,0.115,0.063
Raw Data (600) 85 - 24 h 2 min ,0.494,0.495,0.495,0.361,0.353,0.352,0.439,0.438,0.437,0.065,0.509,0.510,0.507,0.433,0.420,0.418,0.452,0.443,0.443,0.062,0.516,0.523,0.514,0.437,0.451,0.445,0.441,0.444,0.440,0.062,0.360,0.353,0.358,0.477,0.470,0.474,0.349,0.350,0.363,0.064,0.259,0.247,0.252,0.430,0.427,0.392,0.225,0.222,0.230,0.066,0.100,0.095,0.095,0.124,0.123,0.126,0.104,0.107,0.117,0.063
Raw Data (600) 86 - 24 h 19 min ,0.495,0.495,0.494,0.362,0.353,0.353,0.440,0.442,0.440,0.066,0.509,0.507,0.505,0.434,0.418,0.412,0.451,0.446,0.443,0.063,0.517,0.524,0.513,0.433,0.443,0.440,0.442,0.444,0.444,0.068,0.362,0.352,0.356,0.476,0.459,0.474,0.353,0.350,0.365,0.065,0.260,0.248,0.249,0.433,0.433,0.404,0.223,0.222,0.232,0.065,0.101,0.095,0.096,0.126,0.126,0.127,0.107,0.107,0.119,0.065
Raw Data (600) 87 - 24 h 36 min ,0.494,0.494,0.493,0.361,0.355,0.353,0.438,0.440,0.439,0.062,0.508,0.506,0.506,0.432,0.418,0.413,0.453,0.446,0.448,0.062,0.515,0.521,0.514,0.431,0.436,0.447,0.442,0.447,0.446,0.068,0.359,0.349,0.352,0.468,0.453,0.456,0.355,0.350,0.364,0.066,0.253,0.246,0.247,0.442,0.443,0.416,0.223,0.220,0.229,0.063,0.101,0.094,0.096,0.126,0.124,0.127,0.106,0.107,0.117,0.067
Raw Data (600) 88 - 24 h 53 min ,0.491,0.493,0.492,0.359,0.354,0.351,0.438,0.437,0.438,0.062,0.507,0.505,0.503,0.429,0.419,0.409,0.447,0.442,0.440,0.061,0.515,0.520,0.512,0.429,0.433,0.432,0.440,0.443,0.440,0.063,0.357,0.348,0.351,0.456,0.448,0.459,0.354,0.351,0.365,0.061,0.254,0.243,0.244,0.451,0.462,0.436,0.222,0.220,0.230,0.062,0.099,0.093,0.096,0.124,0.125,0.128,0.106,0.104,0.118,0.066
Raw Data (600) 89 - 25 h 10 min ,0.492,0.492,0.491,0.362,0.353,0.350,0.438,0.438,0.437,0.063,0.505,0.505,0.506,0.432,0.419,0.413,0.450,0.444,0.444,0.061,0.514,0.522,0.512,0.423,0.433,0.433,0.441,0.445,0.445,0.066,0.358,0.345,0.349,0.453,0.440,0.448,0.352,0.352,0.364,0.063,0.252,0.246,0.243,0.475,0.486,0.458,0.221,0.219,0.231,0.066,0.099,0.094,0.094,0.125,0.125,0.126,0.105,0.106,0.117,0.065
Raw Data (600) 90 - 25 h 27 min ,0.490,0.489,0.489,0.360,0.354,0.349,0.437,0.437,0.436,0.062,0.507,0.502,0.502,0.430,0.415,0.409,0.450,0.444,0.445,0.060,0.514,0.523,0.510,0.422,0.426,0.426,0.443,0.444,0.440,0.060,0.355,0.346,0.348,0.448,0.450,0.442,0.350,0.350,0.363,0.061,0.252,0.243,0.244,0.488,0.496,0.472,0.220,0.219,0.228,0.065,0.098,0.093,0.094,0.125,0.125,0.127,0.103,0.103,0.118,0.064
Raw Data (600) 91 - 25 h 45 min ,0.488,0.490,0.490,0.361,0.352,0.350,0.437,0.436,0.436,0.062,0.506,0.503,0.503,0.430,0.415,0.411,0.449,0.444,0.442,0.062,0.513,0.520,0.510,0.423,0.434,0.427,0.442,0.444,0.443,0.063,0.357,0.345,0.348,0.446,0.434,0.445,0.354,0.353,0.363,0.065,0.253,0.242,0.242,0.495,0.497,0.481,0.220,0.217,0.227,0.066,0.096,0.094,0.095,0.125,0.126,0.127,0.105,0.105,0.120,0.065
Raw Data (600) 92 - 26 h 2 min ,0.491,0.491,0.491,0.362,0.355,0.352,0.436,0.436,0.437,0.063,0.504,0.502,0.504,0.436,0.412,0.411,0.450,0.443,0.444,0.062,0.513,0.521,0.510,0.417,0.437,0.421,0.443,0.446,0.442,0.066,0.352,0.343,0.346,0.445,0.429,0.435,0.353,0.353,0.363,0.061,0.246,0.239,0.242,0.492,0.497,0.486,0.222,0.217,0.228,0.063,0.099,0.093,0.095,0.124,0.127,0.126,0.105,0.108,0.120,0.064
Raw Data (600) 93 - 26 h 19 min ,0.486,0.490,0.488,0.360,0.351,0.350,0.434,0.434,0.434,0.062,0.503,0.501,0.502,0.429,0.416,0.407,0.449,0.442,0.440,0.059,0.511,0.518,0.511,0.426,0.421,0.418,0.441,0.442,0.441,0.064,0.353,0.342,0.346,0.459,0.429,0.432,0.353,0.352,0.362,0.062,0.248,0.238,0.240,0.492,0.499,0.485,0.219,0.214,0.226,0.063,0.099,0.092,0.094,0.127,0.126,0.129,0.103,0.104,0.120,0.063
Raw Data (600) 94 - 26 h 36 min ,0.491,0.491,0.489,0.362,0.354,0.351,0.436,0.435,0.435,0.065,0.506,0.503,0.501,0.435,0.415,0.410,0.447,0.444,0.442,0.064,0.513,0.520,0.511,0.413,0.420,0.423,0.444,0.444,0.443,0.070,0.352,0.343,0.348,0.435,0.424,0.430,0.355,0.354,0.366,0.064,0.249,0.241,0.242,0.495,0.498,0.486,0.220,0.219,0.229,0.063,0.101,0.094,0.095,0.129,0.127,0.130,0.106,0.106,0.120,0.067
Raw Data (600) 95 - 26 h 53 min ,0.488,0.489,0.489,0.358,0.353,0.349,0.438,0.436,0.435,0.063,0.504,0.501,0.502,0.431,0.414,0.407,0.449,0.442,0.442,0.063,0.511,0.520,0.508,0.420,0.420,0.420,0.441,0.443,0.442,0.066,0.352,0.341,0.345,0.455,0.421,0.426,0.353,0.354,0.363,0.065,0.246,0.239,0.239,0.484,0.493,0.479,0.219,0.217,0.227,0.063,0.098,0.095,0.095,0.127,0.128,0.131,0.106,0.105,0.122,0.067
Raw Data (600) 96 - 27 h 10 min ,0.488,0.488,0.487,0.359,0.352,0.351,0.434,0.431,0.431,0.062,0.503,0.500,0.500,0.428,0.416,0.409,0.446,0.441,0.441,0.061,0.512,0.519,0.510,0.415,0.415,0.415,0.440,0.443,0.442,0.066,0.351,0.341,0.344,0.428,0.418,0.424,0.353,0.353,0.364,0.066,0.247,0.238,0.238,0.482,0.488,0.479,0.220,0.216,0.227,0.063,0.098,0.095,0.095,0.128,0.130,0.130,0.105,0.106,0.122,0.066
Raw Data (600) 97 - 27 h 27 min ,0.487,0.487,0.486,0.358,0.349,0.349,0.434,0.432,0.431,0.062,0.502,0.499,0.499,0.500,0.414,0.414,0.445,0.439,0.438,0.059,0.511,0.517,0.506,0.409,0.412,0.417,0.437,0.443,0.440,0.065,0.352,0.337,0.343,0.426,0.417,0.422,0.358,0.355,0.363,0.063,0.246,0.238,0.239,0.480,0.484,0.473,0.217,0.215,0.226,0.061,0.098,0.093,0.093,0.128,0.127,0.128,0.106,0.107,0.120,0.064
Raw Data (600) 98 - 27 h 45 min ,0.488,0.489,0.488,0.362,0.354,0.351,0.432,0.431,0.432,0.064,0.503,0.503,0.501,0.437,0.414,0.410,0.445,0.439,0.440,0.063,0.512,0.521,0.508,0.414,0.416,0.414,0.440,0.447,0.441,0.066,0.346,0.338,0.342,0.420,0.418,0.419,0.356,0.353,0.365,0.065,0.241,0.235,0.239,0.475,0.482,0.472,0.218,0.214,0.228,0.065,0.098,0.095,0.095,0.129,0.130,0.129,0.108,0.108,0.122,0.064
Raw Data (600) 99 - 28 h 2 min ,0.486,0.487,0.485,0.360,0.352,0.350,0.428,0.431,0.430,0.061,0.501,0.498,0.499,0.429,0.410,0.408,0.442,0.435,0.439,0.061,0.509,0.518,0.507,0.405,0.415,0.412,0.441,0.441,0.437,0.066,0.347,0.336,0.342,0.414,0.420,0.412,0.354,0.355,0.362,0.060,0.237,0.233,0.235,0.470,0.474,0.463,0.218,0.214,0.227,0.060,0.096,0.092,0.094,0.128,0.128,0.129,0.107,0.106,0.119,0.063
Raw Data (600) 100 - 28 h 19 min ,0.483,0.485,0.484,0.359,0.351,0.347,0.428,0.426,0.426,0.063,0.499,0.497,0.496,0.424,0.414,0.407,0.440,0.434,0.433,0.060,0.507,0.516,0.506,0.415,0.409,0.410,0.435,0.436,0.436,0.064,0.346,0.335,0.337,0.427,0.406,0.413,0.351,0.351,0.362,0.064,0.242,0.233,0.232,0.463,0.467,0.457,0.214,0.213,0.224,0.063,0.096,0.090,0.092,0.128,0.128,0.130,0.102,0.105,0.122,0.063
Raw Data (600) 101 - 28 h 36 min ,0.485,0.487,0.486,0.357,0.351,0.348,0.426,0.423,0.424,0.061,0.500,0.498,0.498,0.424,0.412,0.407,0.440,0.433,0.433,0.060,0.508,0.518,0.508,0.400,0.409,0.408,0.434,0.436,0.433,0.062,0.344,0.336,0.339,0.414,0.407,0.413,0.352,0.354,0.362,0.065,0.239,0.232,0.231,0.458,0.463,0.453,0.212,0.212,0.224,0.064,0.095,0.091,0.092,0.130,0.129,0.128,0.103,0.105,0.123,0.067
Raw Data (600) 102 - 28 h 53 min ,0.485,0.487,0.485,0.360,0.356,0.352,0.424,0.428,0.424,0.062,0.502,0.499,0.500,0.430,0.413,0.411,0.437,0.431,0.433,0.062,0.511,0.519,0.508,0.414,0.411,0.410,0.435,0.438,0.434,0.068,0.347,0.336,0.341,0.413,0.404,0.407,0.354,0.353,0.366,0.066,0.239,0.232,0.233,0.457,0.462,0.452,0.217,0.214,0.228,0.063,0.099,0.093,0.094,0.130,0.132,0.130,0.107,0.106,0.123,0.066
Raw Data (600) 103 - 29 h 11 min ,0.485,0.485,0.485,0.360,0.353,0.350,0.422,0.423,0.422,0.063,0.501,0.496,0.498,0.425,0.414,0.411,0.436,0.429,0.430,0.061,0.507,0.514,0.506,0.403,0.414,0.412,0.430,0.435,0.432,0.063,0.347,0.333,0.339,0.419,0.403,0.408,0.352,0.351,0.363,0.060,0.241,0.232,0.231,0.450,0.455,0.444,0.215,0.211,0.226,0.061,0.099,0.093,0.093,0.130,0.130,0.135,0.103,0.107,0.123,0.067
Raw Data (600) 104 - 29 h 28 min ,0.483,0.486,0.487,0.358,0.351,0.352,0.422,0.422,0.424,0.064,0.500,0.499,0.498,0.428,0.420,0.408,0.435,0.431,0.431,0.062,0.508,0.517,0.508,0.399,0.417,0.411,0.432,0.432,0.430,0.064,0.348,0.335,0.341,0.415,0.402,0.407,0.355,0.353,0.366,0.065,0.242,0.231,0.232,0.448,0.454,0.442,0.216,0.214,0.226,0.063,0.098,0.094,0.095,0.134,0.132,0.134,0.105,0.108,0.123,0.065
Raw Data (600) 105 - 29 h 45 min ,0.483,0.483,0.482,0.358,0.352,0.349,0.418,0.418,0.419,0.061,0.499,0.498,0.495,0.429,0.410,0.409,0.431,0.427,0.426,0.060,0.506,0.515,0.503,0.402,0.405,0.408,0.429,0.429,0.426,0.064,0.343,0.330,0.335,0.407,0.395,0.407,0.350,0.349,0.363,0.064,0.237,0.227,0.231,0.442,0.448,0.433,0.214,0.209,0.223,0.062,0.094,0.092,0.093,0.131,0.130,0.134,0.106,0.106,0.124,0.064
Raw Data (600) 106 - 30 h 2 min ,0.485,0.485,0.484,0.360,0.354,0.350,0.417,0.417,0.419,0.064,0.500,0.499,0.498,0.427,0.413,0.410,0.431,0.426,0.425,0.060,0.509,0.515,0.505,0.400,0.410,0.410,0.428,0.431,0.426,0.065,0.344,0.332,0.339,0.409,0.400,0.403,0.353,0.352,0.364,0.065,0.241,0.232,0.231,0.438,0.443,0.434,0.215,0.211,0.230,0.063,0.099,0.093,0.095,0.134,0.132,0.134,0.105,0.105,0.125,0.067
Raw Data (600) 107 - 30 h 19 min ,0.484,0.482,0.485,0.360,0.353,0.352,0.414,0.414,0.417,0.063,0.498,0.497,0.497,0.430,0.412,0.408,0.427,0.423,0.422,0.063,0.506,0.514,0.504,0.403,0.404,0.408,0.427,0.427,0.427,0.063,0.346,0.333,0.337,0.406,0.401,0.406,0.351,0.352,0.362,0.066,0.238,0.228,0.230,0.439,0.443,0.432,0.216,0.214,0.226,0.062,0.097,0.092,0.094,0.134,0.134,0.137,0.103,0.107,0.128,0.065
Raw Data (600) 108 - 30 h 36 min ,0.482,0.483,0.484,0.360,0.353,0.349,0.411,0.413,0.413,0.061,0.497,0.497,0.496,0.430,0.409,0.416,0.424,0.417,0.419,0.061,0.505,0.514,0.503,0.402,0.411,0.407,0.423,0.427,0.422,0.061,0.347,0.332,0.336,0.407,0.398,0.394,0.352,0.349,0.364,0.064,0.231,0.228,0.230,0.436,0.442,0.427,0.214,0.208,0.224,0.062,0.098,0.093,0.093,0.133,0.132,0.132,0.104,0.107,0.124,0.068
Raw Data (600) 109 - 30 h 53 min ,0.484,0.483,0.484,0.359,0.351,0.349,0.408,0.408,0.408,0.060,0.498,0.495,0.495,0.425,0.411,0.408,0.421,0.420,0.415,0.061,0.505,0.515,0.505,0.396,0.407,0.407,0.420,0.421,0.420,0.063,0.344,0.331,0.337,0.409,0.392,0.399,0.351,0.354,0.364,0.064,0.236,0.227,0.228,0.438,0.444,0.434,0.212,0.208,0.224,0.066,0.096,0.091,0.093,0.132,0.131,0.135,0.105,0.105,0.124,0.066
Raw Data (600) 110 - 31 h 11 min ,0.485,0.483,0.481,0.362,0.352,0.351,0.407,0.406,0.410,0.063,0.498,0.496,0.497,0.425,0.412,0.409,0.418,0.415,0.412,0.061,0.507,0.512,0.505,0.403,0.405,0.405,0.420,0.420,0.416,0.066,0.345,0.328,0.336,0.402,0.389,0.396,0.350,0.349,0.365,0.065,0.236,0.226,0.225,0.434,0.438,0.429,0.212,0.209,0.227,0.063,0.096,0.093,0.094,0.134,0.134,0.138,0.104,0.106,0.125,0.066
Raw Data (600) 111 - 31 h 28 min ,0.480,0.482,0.481,0.359,0.352,0.350,0.403,0.406,0.404,0.062,0.497,0.494,0.492,0.425,0.411,0.412,0.415,0.412,0.410,0.061,0.506,0.514,0.503,0.405,0.407,0.417,0.415,0.420,0.414,0.065,0.345,0.329,0.334,0.399,0.387,0.397,0.353,0.350,0.363,0.061,0.236,0.224,0.225,0.434,0.438,0.430,0.210,0.208,0.226,0.063,0.096,0.092,0.093,0.131,0.133,0.135,0.104,0.107,0.124,0.066
Raw Data (600) 112 - 31 h 45 min ,0.480,0.482,0.481,0.360,0.351,0.350,0.399,0.400,0.402,0.062,0.497,0.494,0.494,0.424,0.411,0.408,0.413,0.410,0.408,0.062,0.506,0.512,0.503,0.398,0.404,0.403,0.413,0.415,0.415,0.063,0.343,0.329,0.335,0.398,0.388,0.392,0.350,0.349,0.364,0.063,0.234,0.225,0.225,0.432,0.439,0.430,0.212,0.207,0.225,0.062,0.096,0.092,0.092,0.133,0.135,0.136,0.103,0.104,0.126,0.067
Raw Data (600) 113 - 32 h 2 min ,0.478,0.484,0.480,0.362,0.354,0.348,0.396,0.399,0.399,0.063,0.496,0.494,0.493,0.424,0.413,0.408,0.409,0.406,0.403,0.062,0.504,0.511,0.502,0.395,0.401,0.407,0.408,0.412,0.411,0.065,0.341,0.330,0.337,0.398,0.384,0.391,0.357,0.350,0.365,0.064,0.234,0.223,0.224,0.432,0.436,0.426,0.209,0.207,0.226,0.063,0.097,0.092,0.092,0.134,0.134,0.137,0.105,0.106,0.126,0.066
Raw Data (600) 114 - 32 h 19 min ,0.480,0.486,0.482,0.361,0.354,0.353,0.394,0.396,0.396,0.065,0.498,0.498,0.496,0.431,0.413,0.413,0.411,0.406,0.405,0.065,0.507,0.515,0.503,0.398,0.404,0.407,0.410,0.413,0.411,0.068,0.346,0.332,0.337,0.398,0.386,0.392,0.354,0.353,0.366,0.068,0.234,0.226,0.225,0.434,0.438,0.426,0.210,0.207,0.228,0.062,0.098,0.092,0.095,0.136,0.135,0.139,0.104,0.107,0.130,0.066
Raw Data (600) 115 - 32 h 37 min ,0.478,0.481,0.479,0.359,0.351,0.349,0.391,0.391,0.390,0.062,0.495,0.492,0.491,0.426,0.414,0.408,0.405,0.402,0.398,0.059,0.503,0.512,0.502,0.395,0.405,0.403,0.405,0.407,0.404,0.063,0.340,0.327,0.332,0.394,0.381,0.386,0.351,0.348,0.361,0.059,0.231,0.220,0.221,0.429,0.434,0.423,0.206,0.204,0.226,0.063,0.092,0.090,0.090,0.135,0.135,0.138,0.103,0.107,0.126,0.066
Raw Data (600) 116 - 32 h 54 min ,0.479,0.479,0.479,0.361,0.352,0.352,0.386,0.391,0.390,0.063,0.495,0.493,0.493,0.427,0.411,0.409,0.402,0.398,0.399,0.062,0.502,0.512,0.501,0.394,0.403,0.404,0.403,0.405,0.403,0.063,0.342,0.326,0.334,0.393,0.383,0.386,0.350,0.350,0.368,0.060,0.229,0.221,0.221,0.432,0.430,0.424,0.209,0.205,0.226,0.064,0.095,0.090,0.093,0.136,0.135,0.137,0.104,0.107,0.129,0.065
Raw Data (600) 117 - 33 h 11 min ,0.479,0.477,0.479,0.357,0.352,0.352,0.383,0.383,0.384,0.063,0.495,0.492,0.492,0.426,0.411,0.409,0.398,0.396,0.393,0.062,0.503,0.510,0.499,0.394,0.398,0.405,0.399,0.400,0.398,0.065,0.340,0.325,0.332,0.391,0.379,0.385,0.350,0.352,0.363,0.065,0.229,0.217,0.220,0.422,0.427,0.417,0.204,0.201,0.223,0.064,0.094,0.090,0.089,0.134,0.134,0.136,0.104,0.105,0.126,0.064
Raw Data (600) 118 - 33 h 28 min ,0.478,0.479,0.483,0.362,0.353,0.350,0.381,0.384,0.382,0.063,0.493,0.493,0.493,0.434,0.409,0.417,0.398,0.391,0.393,0.061,0.503,0.509,0.499,0.397,0.405,0.405,0.398,0.401,0.395,0.063,0.342,0.329,0.332,0.391,0.384,0.383,0.351,0.349,0.360,0.061,0.223,0.219,0.222,0.426,0.430,0.415,0.207,0.202,0.226,0.062,0.093,0.090,0.093,0.138,0.136,0.134,0.105,0.106,0.130,0.064
Raw Data (600) 119 - 33 h 45 min ,0.479,0.481,0.479,0.363,0.357,0.353,0.380,0.380,0.381,0.064,0.494,0.493,0.493,0.427,0.415,0.410,0.395,0.392,0.390,0.063,0.504,0.510,0.503,0.397,0.402,0.406,0.396,0.398,0.397,0.067,0.343,0.329,0.336,0.390,0.379,0.392,0.350,0.352,0.361,0.064,0.228,0.223,0.222,0.425,0.428,0.420,0.207,0.204,0.229,0.066,0.095,0.092,0.093,0.141,0.138,0.141,0.103,0.108,0.129,0.068
Raw Data (600) 120 - 34 h 2 min ,0.479,0.480,0.477,0.361,0.353,0.351,0.376,0.377,0.377,0.064,0.494,0.491,0.493,0.428,0.413,0.407,0.392,0.389,0.384,0.061,0.502,0.508,0.500,0.395,0.401,0.404,0.391,0.395,0.394,0.065,0.340,0.327,0.331,0.390,0.377,0.380,0.350,0.350,0.362,0.065,0.226,0.221,0.220,0.424,0.423,0.418,0.206,0.204,0.228,0.063,0.094,0.091,0.091,0.138,0.136,0.139,0.104,0.107,0.127,0.066
Raw Data (600) 121 - 34 h 20 min ,0.476,0.478,0.475,0.362,0.353,0.352,0.373,0.375,0.373,0.062,0.493,0.492,0.491,0.427,0.413,0.407,0.388,0.387,0.383,0.063,0.502,0.511,0.499,0.404,0.403,0.403,0.391,0.393,0.389,0.066,0.339,0.324,0.330,0.390,0.374,0.379,0.350,0.349,0.361,0.066,0.225,0.217,0.218,0.419,0.425,0.412,0.205,0.203,0.228,0.063,0.094,0.091,0.091,0.139,0.139,0.139,0.104,0.108,0.129,0.065
Raw Data (600) 122 - 34 h 37 min ,0.476,0.477,0.480,0.361,0.354,0.350,0.370,0.371,0.372,0.061,0.491,0.490,0.491,0.428,0.408,0.410,0.386,0.382,0.383,0.060,0.500,0.507,0.499,0.392,0.402,0.403,0.387,0.393,0.388,0.065,0.341,0.326,0.330,0.383,0.380,0.376,0.348,0.349,0.360,0.064,0.219,0.215,0.220,0.419,0.421,0.410,0.204,0.198,0.228,0.063,0.094,0.091,0.091,0.138,0.138,0.137,0.100,0.106,0.131,0.066
Raw Data (600) 123 - 34 h 54 min ,0.477,0.476,0.476,0.360,0.351,0.350,0.367,0.370,0.368,0.062,0.492,0.490,0.489,0.424,0.411,0.408,0.384,0.381,0.378,0.062,0.501,0.507,0.498,0.393,0.399,0.402,0.388,0.386,0.383,0.063,0.340,0.326,0.331,0.384,0.374,0.377,0.348,0.349,0.359,0.061,0.226,0.217,0.215,0.416,0.418,0.410,0.202,0.200,0.229,0.062,0.095,0.090,0.092,0.139,0.138,0.140,0.104,0.106,0.129,0.066
Raw Data (600) 124 - 35 h 11 min ,0.476,0.478,0.476,0.360,0.354,0.351,0.367,0.365,0.366,0.065,0.492,0.491,0.488,0.425,0.413,0.410,0.382,0.379,0.376,0.061,0.501,0.509,0.500,0.391,0.398,0.401,0.383,0.387,0.384,0.065,0.341,0.325,0.332,0.385,0.373,0.379,0.349,0.350,0.364,0.062,0.222,0.215,0.214,0.415,0.419,0.411,0.203,0.201,0.229,0.066,0.095,0.091,0.092,0.139,0.137,0.140,0.104,0.106,0.131,0.065
Raw Data (600) 125 - 35 h 28 min ,0.476,0.477,0.477,0.361,0.353,0.351,0.364,0.364,0.365,0.062,0.491,0.491,0.489,0.426,0.412,0.408,0.381,0.378,0.376,0.062,0.500,0.510,0.498,0.394,0.399,0.405,0.384,0.385,0.381,0.065,0.340,0.324,0.330,0.383,0.370,0.373,0.349,0.349,0.358,0.064,0.222,0.215,0.215,0.415,0.418,0.408,0.203,0.199,0.229,0.062,0.094,0.091,0.092,0.140,0.140,0.142,0.105,0.106,0.130,0.064
Raw Data (600) 126 - 35 h 45 min ,0.476,0.475,0.474,0.361,0.354,0.351,0.361,0.360,0.361,0.064,0.491,0.489,0.490,0.424,0.414,0.413,0.383,0.379,0.373,0.062,0.501,0.507,0.497,0.391,0.401,0.400,0.382,0.382,0.380,0.065,0.341,0.324,0.331,0.382,0.369,0.372,0.348,0.349,0.357,0.062,0.223,0.214,0.212,0.415,0.418,0.406,0.201,0.199,0.229,0.063,0.095,0.091,0.091,0.140,0.138,0.141,0.103,0.107,0.133,0.065
Raw Data (600) 127 - 36 h 2 min ,0.476,0.477,0.477,0.361,0.352,0.353,0.360,0.359,0.360,0.063,0.493,0.490,0.489,0.428,0.411,0.410,0.380,0.376,0.371,0.061,0.500,0.509,0.500,0.393,0.397,0.402,0.381,0.382,0.378,0.067,0.340,0.326,0.332,0.385,0.376,0.376,0.350,0.349,0.356,0.064,0.222,0.213,0.214,0.411,0.415,0.405,0.201,0.198,0.229,0.063,0.094,0.091,0.092,0.141,0.139,0.143,0.105,0.107,0.131,0.066
Raw Data (600) 128 - 36 h 20 min ,0.475,0.476,0.475,0.361,0.353,0.353,0.358,0.358,0.358,0.063,0.493,0.489,0.488,0.425,0.414,0.408,0.377,0.374,0.371,0.062,0.500,0.507,0.496,0.397,0.398,0.403,0.377,0.379,0.378,0.061,0.340,0.327,0.330,0.381,0.369,0.372,0.351,0.350,0.354,0.063,0.221,0.215,0.214,0.412,0.411,0.407,0.201,0.198,0.231,0.066,0.095,0.090,0.092,0.141,0.140,0.143,0.103,0.107,0.133,0.066
Raw Data (600) 129 - 36 h 37 min ,0.477,0.477,0.477,0.363,0.356,0.353,0.357,0.356,0.357,0.063,0.490,0.490,0.490,0.434,0.411,0.413,0.376,0.371,0.371,0.063,0.500,0.510,0.498,0.395,0.400,0.401,0.377,0.383,0.377,0.067,0.339,0.328,0.332,0.375,0.368,0.366,0.350,0.351,0.357,0.060,0.218,0.212,0.214,0.410,0.415,0.403,0.202,0.198,0.232,0.064,0.095,0.092,0.094,0.142,0.140,0.141,0.106,0.108,0.135,0.064
Raw Data (600) 130 - 36 h 54 min ,0.474,0.476,0.475,0.363,0.353,0.353,0.354,0.353,0.355,0.061,0.489,0.489,0.489,0.431,0.412,0.414,0.377,0.369,0.368,0.062,0.500,0.509,0.496,0.392,0.404,0.399,0.375,0.378,0.376,0.064,0.338,0.325,0.331,0.374,0.366,0.369,0.347,0.347,0.354,0.063,0.216,0.211,0.213,0.407,0.410,0.403,0.200,0.197,0.230,0.065,0.094,0.091,0.091,0.139,0.140,0.141,0.102,0.106,0.137,0.067
Raw Data (600) 131 - 37 h 11 min ,0.473,0.476,0.475,0.360,0.354,0.352,0.353,0.351,0.354,0.063,0.491,0.489,0.489,0.425,0.412,0.410,0.373,0.372,0.364,0.059,0.497,0.504,0.495,0.391,0.400,0.403,0.373,0.372,0.375,0.068,0.338,0.324,0.329,0.380,0.364,0.365,0.347,0.346,0.353,0.064,0.219,0.211,0.211,0.406,0.410,0.404,0.198,0.197,0.233,0.062,0.091,0.088,0.090,0.142,0.139,0.142,0.101,0.107,0.135,0.066
Raw Data (600) 132 - 37 h 28 min ,0.474,0.473,0.474,0.362,0.353,0.351,0.352,0.350,0.351,0.063,0.489,0.488,0.487,0.427,0.416,0.409,0.375,0.369,0.369,0.061,0.499,0.506,0.494,0.391,0.401,0.403,0.372,0.375,0.370,0.063,0.339,0.325,0.329,0.378,0.366,0.366,0.345,0.346,0.351,0.063,0.218,0.210,0.210,0.404,0.406,0.401,0.199,0.197,0.232,0.062,0.094,0.091,0.092,0.143,0.140,0.142,0.102,0.106,0.135,0.064
Raw Data (600) 133 - 37 h 45 min ,0.473,0.475,0.474,0.363,0.354,0.354,0.350,0.350,0.351,0.064,0.491,0.487,0.489,0.432,0.413,0.409,0.376,0.370,0.365,0.061,0.498,0.505,0.496,0.392,0.401,0.404,0.372,0.372,0.371,0.066,0.341,0.326,0.328,0.377,0.365,0.365,0.346,0.346,0.348,0.068,0.216,0.208,0.211,0.405,0.406,0.399,0.198,0.199,0.234,0.061,0.094,0.089,0.091,0.142,0.142,0.144,0.104,0.108,0.136,0.065
Raw Data (600) 134 - 38 h 3 min ,0.472,0.472,0.472,0.361,0.353,0.354,0.351,0.349,0.348,0.061,0.490,0.485,0.486,0.425,0.411,0.409,0.374,0.369,0.365,0.061,0.498,0.503,0.495,0.392,0.399,0.401,0.370,0.373,0.370,0.064,0.339,0.323,0.329,0.386,0.361,0.370,0.344,0.345,0.349,0.061,0.218,0.207,0.209,0.402,0.403,0.397,0.197,0.195,0.231,0.060,0.090,0.088,0.091,0.142,0.140,0.143,0.103,0.104,0.138,0.063
Raw Data (600) 135 - 38 h 20 min ,0.473,0.475,0.473,0.361,0.354,0.353,0.350,0.349,0.349,0.063,0.486,0.484,0.488,0.427,0.413,0.409,0.371,0.368,0.365,0.059,0.497,0.506,0.495,0.391,0.397,0.400,0.370,0.372,0.371,0.060,0.339,0.326,0.329,0.374,0.362,0.365,0.344,0.343,0.346,0.063,0.215,0.207,0.206,0.400,0.408,0.394,0.196,0.195,0.233,0.065,0.091,0.087,0.091,0.143,0.142,0.145,0.104,0.107,0.138,0.067
Raw Data (600) 136 - 38 h 37 min ,0.472,0.470,0.470,0.362,0.352,0.351,0.347,0.346,0.345,0.062,0.487,0.484,0.485,0.429,0.412,0.410,0.371,0.367,0.366,0.059,0.496,0.502,0.494,0.391,0.400,0.404,0.370,0.373,0.369,0.066,0.339,0.324,0.329,0.371,0.361,0.361,0.342,0.342,0.347,0.061,0.215,0.206,0.205,0.399,0.407,0.395,0.196,0.195,0.230,0.060,0.091,0.087,0.090,0.142,0.141,0.143,0.104,0.104,0.138,0.063
Raw Data (600) 137 - 38 h 54 min ,0.470,0.471,0.471,0.363,0.354,0.353,0.348,0.346,0.345,0.061,0.486,0.485,0.485,0.426,0.413,0.408,0.371,0.367,0.363,0.062,0.495,0.504,0.493,0.394,0.394,0.402,0.373,0.370,0.369,0.062,0.339,0.323,0.328,0.371,0.362,0.361,0.338,0.345,0.347,0.060,0.215,0.205,0.206,0.401,0.403,0.393,0.194,0.195,0.233,0.060,0.093,0.088,0.090,0.144,0.141,0.144,0.101,0.107,0.137,0.066
Raw Data (600) 138 - 39 h 11 min ,0.472,0.473,0.474,0.361,0.357,0.352,0.350,0.351,0.349,0.063,0.488,0.486,0.485,0.427,0.413,0.410,0.372,0.368,0.368,0.061,0.496,0.503,0.495,0.391,0.396,0.415,0.370,0.373,0.368,0.065,0.341,0.322,0.328,0.378,0.361,0.362,0.343,0.341,0.343,0.063,0.215,0.205,0.205,0.399,0.402,0.394,0.195,0.197,0.235,0.064,0.092,0.090,0.092,0.144,0.142,0.145,0.102,0.106,0.141,0.066
Raw Data (600) 139 - 39 h 29 min ,0.471,0.473,0.472,0.364,0.355,0.351,0.346,0.343,0.345,0.063,0.488,0.486,0.486,0.427,0.411,0.407,0.372,0.371,0.364,0.060,0.495,0.503,0.495,0.390,0.398,0.398,0.372,0.373,0.369,0.067,0.338,0.322,0.330,0.372,0.358,0.362,0.342,0.341,0.342,0.062,0.215,0.204,0.205,0.395,0.399,0.390,0.200,0.197,0.234,0.066,0.092,0.089,0.091,0.145,0.142,0.146,0.100,0.107,0.140,0.066
Raw Data (600) 140 - 39 h 46 min ,0.469,0.473,0.474,0.363,0.356,0.355,0.347,0.345,0.346,0.063,0.485,0.483,0.484,0.431,0.412,0.410,0.374,0.368,0.364,0.060,0.495,0.502,0.493,0.393,0.402,0.400,0.371,0.373,0.368,0.065,0.339,0.322,0.327,0.373,0.360,0.358,0.338,0.336,0.340,0.062,0.209,0.202,0.206,0.397,0.398,0.388,0.195,0.194,0.235,0.060,0.090,0.088,0.088,0.144,0.143,0.143,0.104,0.106,0.139,0.065
Raw Data (600) 141 - 40 h 3 min ,0.472,0.471,0.472,0.362,0.355,0.355,0.349,0.344,0.345,0.062,0.486,0.487,0.485,0.430,0.414,0.415,0.374,0.368,0.368,0.061,0.496,0.502,0.493,0.391,0.395,0.410,0.369,0.372,0.370,0.066,0.338,0.323,0.330,0.370,0.356,0.358,0.339,0.336,0.340,0.065,0.214,0.203,0.202,0.402,0.396,0.390,0.196,0.195,0.235,0.068,0.093,0.089,0.092,0.145,0.146,0.146,0.100,0.106,0.144,0.065
Raw Data (600) 142 - 40 h 20 min ,0.468,0.471,0.472,0.360,0.355,0.351,0.344,0.345,0.342,0.062,0.484,0.484,0.484,0.431,0.411,0.412,0.371,0.367,0.365,0.061,0.496,0.501,0.492,0.393,0.400,0.404,0.370,0.373,0.369,0.063,0.337,0.325,0.326,0.363,0.358,0.356,0.334,0.334,0.338,0.064,0.206,0.199,0.204,0.393,0.394,0.387,0.195,0.193,0.234,0.065,0.090,0.091,0.088,0.145,0.143,0.141,0.102,0.106,0.142,0.065
Raw Data (600) 143 - 40 h 37 min ,0.470,0.472,0.471,0.362,0.356,0.353,0.349,0.345,0.344,0.063,0.487,0.485,0.484,0.430,0.416,0.410,0.373,0.368,0.366,0.063,0.497,0.502,0.493,0.395,0.397,0.404,0.371,0.375,0.372,0.063,0.338,0.323,0.330,0.371,0.356,0.363,0.335,0.334,0.336,0.064,0.213,0.202,0.205,0.403,0.397,0.387,0.195,0.199,0.236,0.064,0.094,0.089,0.092,0.147,0.146,0.146,0.105,0.110,0.144,0.065
Raw Data (600) 144 - 40 h 54 min ,0.468,0.469,0.468,0.363,0.356,0.352,0.346,0.345,0.342,0.062,0.484,0.484,0.483,0.429,0.413,0.410,0.371,0.366,0.366,0.063,0.493,0.500,0.492,0.391,0.399,0.400,0.368,0.374,0.368,0.067,0.335,0.323,0.327,0.368,0.358,0.354,0.332,0.332,0.334,0.062,0.214,0.200,0.201,0.390,0.410,0.385,0.194,0.195,0.236,0.060,0.092,0.088,0.090,0.144,0.144,0.146,0.103,0.107,0.144,0.066
Raw Data (600) 145 - 41 h 12 min ,0.467,0.469,0.472,0.363,0.355,0.350,0.345,0.343,0.340,0.062,0.482,0.481,0.482,0.433,0.412,0.411,0.373,0.364,0.362,0.058,0.493,0.500,0.491,0.389,0.399,0.400,0.368,0.375,0.370,0.061,0.335,0.322,0.326,0.365,0.367,0.353,0.331,0.331,0.333,0.061,0.205,0.199,0.199,0.391,0.391,0.384,0.193,0.190,0.236,0.062,0.090,0.087,0.090,0.145,0.144,0.141,0.102,0.104,0.147,0.063
Raw Data (600) 146 - 41 h 29 min ,0.468,0.467,0.467,0.360,0.354,0.354,0.344,0.343,0.341,0.062,0.483,0.482,0.483,0.427,0.411,0.411,0.375,0.368,0.364,0.063,0.493,0.500,0.492,0.389,0.395,0.399,0.371,0.372,0.368,0.064,0.332,0.320,0.328,0.366,0.355,0.353,0.330,0.329,0.329,0.065,0.210,0.198,0.200,0.398,0.390,0.385,0.193,0.194,0.238,0.062,0.091,0.088,0.090,0.143,0.143,0.147,0.102,0.107,0.140,0.065
Raw Data (600) 147 - 41 h 46 min ,0.471,0.473,0.472,0.364,0.357,0.355,0.345,0.345,0.340,0.063,0.483,0.483,0.486,0.431,0.412,0.414,0.376,0.372,0.367,0.064,0.495,0.504,0.493,0.391,0.398,0.396,0.373,0.374,0.371,0.061,0.334,0.324,0.329,0.363,0.355,0.350,0.333,0.330,0.330,0.062,0.209,0.198,0.201,0.392,0.393,0.382,0.195,0.194,0.237,0.060,0.093,0.088,0.092,0.144,0.144,0.145,0.102,0.107,0.141,0.066
Raw Data (600) 148 - 42 h 3 min ,0.466,0.470,0.470,0.364,0.354,0.354,0.346,0.344,0.340,0.063,0.483,0.484,0.484,0.428,0.414,0.413,0.372,0.371,0.366,0.061,0.492,0.500,0.492,0.392,0.396,0.400,0.370,0.373,0.369,0.063,0.337,0.324,0.326,0.368,0.352,0.353,0.326,0.326,0.327,0.064,0.209,0.198,0.200,0.388,0.390,0.382,0.192,0.194,0.238,0.067,0.089,0.088,0.092,0.147,0.147,0.149,0.103,0.108,0.143,0.065
Raw Data (600) 149 - 42 h 20 min ,0.467,0.468,0.469,0.363,0.357,0.353,0.345,0.344,0.342,0.063,0.483,0.483,0.483,0.431,0.415,0.412,0.373,0.371,0.365,0.062,0.493,0.502,0.492,0.389,0.397,0.399,0.405,0.373,0.371,0.061,0.335,0.321,0.327,0.365,0.350,0.352,0.326,0.325,0.328,0.065,0.213,0.199,0.199,0.389,0.390,0.388,0.195,0.195,0.238,0.065,0.091,0.088,0.091,0.146,0.146,0.147,0.099,0.108,0.144,0.066
Raw Data (600) 150 - 42 h 37 min ,0.466,0.467,0.466,0.362,0.354,0.352,0.343,0.341,0.341,0.062,0.482,0.480,0.481,0.427,0.411,0.411,0.373,0.370,0.368,0.059,0.492,0.500,0.490,0.391,0.398,0.397,0.370,0.370,0.369,0.066,0.336,0.321,0.328,0.367,0.351,0.352,0.324,0.324,0.323,0.063,0.209,0.196,0.197,0.386,0.410,0.381,0.193,0.194,0.235,0.061,0.091,0.087,0.090,0.147,0.146,0.147,0.101,0.106,0.145,0.064
Raw Data (600) 151 - 42 h 54 min ,0.468,0.469,0.468,0.363,0.357,0.353,0.344,0.342,0.341,0.065,0.482,0.480,0.482,0.429,0.416,0.412,0.372,0.370,0.368,0.061,0.493,0.499,0.490,0.389,0.394,0.400,0.369,0.374,0.370,0.062,0.334,0.322,0.327,0.364,0.350,0.349,0.323,0.323,0.322,0.064,0.208,0.197,0.198,0.388,0.400,0.382,0.192,0.196,0.238,0.065,0.090,0.087,0.091,0.149,0.147,0.149,0.101,0.108,0.142,0.066
Raw Data (600) 152 - 44 h 7 min ,0.468,0.476,0.478,0.370,0.359,0.354,0.341,0.340,0.338,0.063,0.484,0.484,0.488,0.438,0.417,0.413,0.373,0.370,0.365,0.062,0.498,0.517,0.501,0.396,0.401,0.400,0.371,0.370,0.370,0.063,0.342,0.330,0.328,0.359,0.345,0.345,0.315,0.315,0.316,0.066,0.210,0.198,0.203,0.382,0.384,0.376,0.194,0.196,0.240,0.062,0.094,0.088,0.091,0.149,0.147,0.149,0.102,0.106,0.143,0.063
Raw Data (600) 153 - 44 h 25 min ,0.466,0.466,0.466,0.365,0.354,0.353,0.344,0.341,0.339,0.063,0.482,0.480,0.479,0.427,0.416,0.411,0.373,0.368,0.365,0.061,0.490,0.499,0.490,0.390,0.397,0.399,0.371,0.374,0.373,0.066,0.334,0.323,0.325,0.360,0.347,0.349,0.316,0.315,0.319,0.066,0.207,0.196,0.195,0.383,0.385,0.377,0.193,0.196,0.242,0.065,0.093,0.087,0.092,0.149,0.149,0.150,0.103,0.107,0.145,0.065
Raw Data (600) 154 - 44 h 42 min ,0.465,0.470,0.468,0.366,0.358,0.358,0.344,0.340,0.339,0.065,0.482,0.482,0.480,0.430,0.417,0.415,0.376,0.371,0.368,0.064,0.493,0.501,0.491,0.392,0.400,0.403,0.372,0.375,0.371,0.065,0.338,0.323,0.325,0.364,0.348,0.349,0.313,0.316,0.315,0.064,0.210,0.198,0.197,0.383,0.385,0.378,0.197,0.201,0.242,0.065,0.094,0.090,0.093,0.151,0.151,0.153,0.103,0.110,0.148,0.067
Raw Data (600) 155 - 44 h 59 min ,0.465,0.466,0.465,0.367,0.359,0.355,0.343,0.341,0.338,0.063,0.483,0.481,0.480,0.429,0.417,0.414,0.374,0.369,0.367,0.062,0.492,0.500,0.488,0.393,0.399,0.401,0.373,0.382,0.371,0.067,0.335,0.321,0.324,0.361,0.349,0.347,0.313,0.314,0.316,0.064,0.208,0.196,0.198,0.382,0.386,0.376,0.193,0.199,0.243,0.062,0.093,0.087,0.093,0.151,0.150,0.152,0.103,0.107,0.148,0.066
Raw Data (600) 156 - 45 h 16 min ,0.464,0.462,0.464,0.363,0.356,0.354,0.340,0.338,0.332,0.064,0.481,0.478,0.479,0.429,0.415,0.411,0.374,0.370,0.365,0.060,0.490,0.497,0.488,0.392,0.399,0.399,0.369,0.371,0.368,0.065,0.332,0.317,0.320,0.360,0.345,0.346,0.312,0.311,0.314,0.066,0.210,0.193,0.195,0.380,0.384,0.387,0.192,0.196,0.241,0.064,0.093,0.088,0.091,0.149,0.147,0.150,0.100,0.104,0.148,0.066
Raw Data (600) 157 - 45 h 33 min ,0.463,0.464,0.464,0.363,0.355,0.354,0.337,0.337,0.330,0.063,0.481,0.476,0.477,0.428,0.412,0.414,0.371,0.365,0.364,0.058,0.490,0.497,0.489,0.389,0.396,0.403,0.368,0.369,0.368,0.065,0.334,0.320,0.323,0.358,0.346,0.344,0.309,0.309,0.310,0.064,0.207,0.192,0.195,0.379,0.380,0.375,0.194,0.196,0.241,0.061,0.092,0.087,0.090,0.150,0.148,0.151,0.099,0.106,0.147,0.066
Raw Data (600) 158 - 45 h 50 min ,0.463,0.464,0.464,0.363,0.356,0.355,0.339,0.334,0.339,0.063,0.480,0.479,0.477,0.427,0.414,0.412,0.368,0.366,0.362,0.060,0.490,0.494,0.488,0.391,0.393,0.399,0.373,0.370,0.366,0.065,0.334,0.318,0.321,0.360,0.347,0.346,0.306,0.307,0.311,0.065,0.205,0.194,0.194,0.381,0.383,0.374,0.191,0.196,0.242,0.062,0.092,0.087,0.090,0.150,0.150,0.149,0.100,0.107,0.147,0.065
Raw Data (600) 159 - 46 h 8 min ,0.462,0.465,0.467,0.365,0.359,0.353,0.332,0.335,0.329,0.063,0.477,0.477,0.477,0.430,0.415,0.412,0.368,0.365,0.361,0.061,0.487,0.495,0.485,0.392,0.403,0.400,0.367,0.373,0.368,0.062,0.335,0.319,0.318,0.356,0.347,0.342,0.309,0.306,0.309,0.065,0.202,0.192,0.196,0.379,0.380,0.371,0.192,0.195,0.240,0.063,0.090,0.084,0.088,0.150,0.148,0.147,0.101,0.105,0.150,0.065
Raw Data (600) 160 - 46 h 25 min ,0.462,0.463,0.463,0.364,0.357,0.355,0.337,0.335,0.333,0.063,0.478,0.477,0.477,0.429,0.415,0.411,0.365,0.365,0.362,0.062,0.487,0.494,0.486,0.390,0.399,0.399,0.367,0.369,0.365,0.064,0.333,0.318,0.323,0.357,0.343,0.343,0.305,0.304,0.310,0.064,0.206,0.191,0.192,0.381,0.381,0.377,0.193,0.195,0.242,0.062,0.093,0.086,0.090,0.149,0.147,0.149,0.098,0.105,0.147,0.064
Raw Data (600) 161 - 46 h 42 min ,0.463,0.465,0.466,0.366,0.360,0.353,0.333,0.332,0.331,0.063,0.479,0.478,0.479,0.437,0.413,0.413,0.366,0.363,0.361,0.059,0.488,0.494,0.485,0.391,0.397,0.401,0.367,0.369,0.363,0.057,0.334,0.318,0.321,0.357,0.347,0.340,0.303,0.302,0.308,0.063,0.202,0.191,0.196,0.381,0.380,0.371,0.191,0.194,0.243,0.062,0.092,0.086,0.088,0.150,0.148,0.147,0.101,0.105,0.151,0.063
Raw Data (600) 162 - 46 h 59 min ,0.461,0.461,0.462,0.363,0.355,0.354,0.333,0.334,0.328,0.062,0.478,0.477,0.477,0.427,0.416,0.413,0.366,0.364,0.360,0.059,0.486,0.493,0.485,0.389,0.393,0.401,0.366,0.370,0.362,0.062,0.333,0.317,0.321,0.357,0.344,0.340,0.303,0.304,0.305,0.064,0.207,0.193,0.191,0.378,0.381,0.374,0.192,0.195,0.243,0.064,0.092,0.086,0.090,0.151,0.148,0.152,0.102,0.106,0.148,0.063
Raw Data (600) 163 - 47 h 16 min ,0.461,0.465,0.468,0.367,0.360,0.354,0.334,0.330,0.327,0.063,0.478,0.478,0.477,0.434,0.414,0.415,0.365,0.365,0.363,0.061,0.487,0.496,0.486,0.393,0.402,0.400,0.366,0.369,0.364,0.065,0.335,0.320,0.323,0.356,0.348,0.343,0.302,0.304,0.308,0.064,0.204,0.193,0.195,0.379,0.382,0.374,0.194,0.195,0.244,0.065,0.092,0.088,0.091,0.153,0.151,0.147,0.100,0.107,0.155,0.065
Raw Data (600) 164 - 47 h 33 min ,0.462,0.463,0.466,0.366,0.358,0.355,0.333,0.328,0.325,0.061,0.478,0.477,0.477,0.430,0.417,0.412,0.364,0.364,0.361,0.063,0.488,0.495,0.487,0.390,0.394,0.395,0.367,0.372,0.361,0.062,0.334,0.319,0.324,0.359,0.342,0.342,0.302,0.301,0.306,0.064,0.209,0.193,0.192,0.379,0.379,0.373,0.193,0.197,0.244,0.063,0.093,0.086,0.090,0.150,0.149,0.152,0.102,0.106,0.152,0.067
Raw Data (600) 165 - 47 h 51 min ,0.461,0.463,0.463,0.367,0.357,0.355,0.330,0.327,0.324,0.063,0.477,0.475,0.476,0.430,0.414,0.413,0.363,0.370,0.362,0.059,0.488,0.494,0.484,0.390,0.394,0.398,0.365,0.366,0.361,0.065,0.331,0.318,0.322,0.357,0.340,0.339,0.299,0.300,0.305,0.066,0.205,0.192,0.192,0.378,0.378,0.377,0.193,0.197,0.243,0.064,0.093,0.086,0.089,0.152,0.151,0.151,0.099,0.108,0.149,0.066
Raw Data (600) 166 - 48 h 8 min ,0.462,0.460,0.462,0.365,0.358,0.355,0.328,0.325,0.321,0.063,0.477,0.476,0.475,0.430,0.417,0.413,0.363,0.363,0.356,0.060,0.485,0.492,0.483,0.390,0.396,0.399,0.363,0.364,0.356,0.065,0.334,0.318,0.323,0.356,0.342,0.340,0.299,0.298,0.304,0.063,0.207,0.191,0.192,0.378,0.384,0.370,0.191,0.197,0.244,0.062,0.092,0.087,0.090,0.154,0.151,0.153,0.100,0.107,0.150,0.065
Raw Data (600) 167 - 48 h 25 min ,0.460,0.458,0.461,0.365,0.356,0.355,0.327,0.323,0.322,0.065,0.477,0.476,0.474,0.430,0.416,0.413,0.363,0.365,0.353,0.060,0.484,0.493,0.485,0.390,0.395,0.401,0.363,0.363,0.357,0.061,0.333,0.318,0.323,0.358,0.339,0.340,0.297,0.301,0.307,0.064,0.206,0.190,0.190,0.377,0.377,0.396,0.191,0.197,0.245,0.064,0.092,0.086,0.091,0.152,0.152,0.154,0.100,0.106,0.150,0.065
Raw Data (600) 168 - 48 h 42 min ,0.459,0.461,0.460,0.363,0.354,0.354,0.326,0.318,0.331,0.062,0.476,0.475,0.473,0.429,0.414,0.413,0.359,0.365,0.357,0.060,0.484,0.492,0.483,0.390,0.393,0.398,0.358,0.360,0.357,0.061,0.334,0.317,0.322,0.355,0.341,0.337,0.293,0.296,0.303,0.062,0.205,0.189,0.191,0.381,0.378,0.371,0.192,0.196,0.243,0.061,0.092,0.085,0.090,0.154,0.150,0.153,0.099,0.104,0.148,0.066
Raw Data (600) 169 - 48 h 59 min ,0.459,0.460,0.460,0.366,0.358,0.355,0.322,0.320,0.314,0.062,0.478,0.476,0.475,0.429,0.416,0.414,0.364,0.359,0.350,0.060,0.485,0.493,0.484,0.390,0.394,0.398,0.357,0.359,0.355,0.063,0.333,0.317,0.322,0.353,0.340,0.336,0.293,0.293,0.304,0.063,0.204,0.190,0.190,0.375,0.379,0.370,0.193,0.196,0.246,0.060,0.093,0.087,0.089,0.152,0.151,0.153,0.100,0.105,0.151,0.063
Raw Data (600) 170 - 49 h 16 min ,0.458,0.458,0.460,0.365,0.357,0.355,0.321,0.316,0.317,0.061,0.473,0.475,0.475,0.430,0.415,0.414,0.358,0.360,0.349,0.060,0.485,0.491,0.483,0.389,0.394,0.397,0.357,0.360,0.354,0.064,0.332,0.318,0.322,0.351,0.337,0.337,0.294,0.294,0.303,0.064,0.205,0.190,0.191,0.374,0.378,0.372,0.193,0.197,0.245,0.063,0.092,0.086,0.088,0.154,0.152,0.153,0.100,0.105,0.150,0.064
Raw Data (600) 171 - 49 h 34 min ,0.458,0.459,0.461,0.365,0.360,0.356,0.319,0.319,0.313,0.061,0.476,0.475,0.475,0.427,0.416,0.412,0.357,0.356,0.352,0.061,0.486,0.491,0.483,0.391,0.396,0.398,0.356,0.356,0.352,0.061,0.332,0.316,0.322,0.355,0.339,0.337,0.294,0.295,0.301,0.063,0.207,0.190,0.190,0.375,0.378,0.371,0.191,0.197,0.247,0.062,0.094,0.085,0.089,0.155,0.151,0.154,0.099,0.105,0.153,0.066
Raw Data (600) 172 - 49 h 51 min ,0.457,0.459,0.458,0.364,0.358,0.355,0.321,0.317,0.311,0.063,0.474,0.474,0.473,0.429,0.415,0.413,0.353,0.354,0.346,0.060,0.485,0.490,0.482,0.391,0.394,0.400,0.354,0.355,0.350,0.065,0.333,0.316,0.318,0.352,0.336,0.334,0.293,0.292,0.301,0.064,0.205,0.190,0.187,0.373,0.376,0.371,0.190,0.194,0.244,0.060,0.092,0.086,0.089,0.153,0.153,0.153,0.100,0.108,0.150,0.065
Raw Data (600) 173 - 50 h 8 min ,0.458,0.461,0.459,0.368,0.359,0.357,0.321,0.315,0.314,0.065,0.475,0.474,0.475,0.430,0.419,0.415,0.349,0.356,0.345,0.061,0.485,0.492,0.483,0.390,0.396,0.399,0.354,0.355,0.352,0.062,0.334,0.317,0.322,0.355,0.338,0.336,0.293,0.293,0.303,0.065,0.207,0.191,0.191,0.376,0.378,0.372,0.193,0.197,0.246,0.063,0.092,0.088,0.091,0.156,0.155,0.155,0.103,0.108,0.154,0.069
Raw Data (600) 174 - 50 h 25 min ,0.457,0.460,0.461,0.368,0.357,0.358,0.315,0.313,0.313,0.066,0.477,0.477,0.474,0.430,0.418,0.414,0.349,0.352,0.343,0.063,0.486,0.493,0.485,0.391,0.398,0.400,0.353,0.356,0.351,0.064,0.334,0.316,0.321,0.352,0.338,0.336,0.292,0.291,0.304,0.064,0.208,0.191,0.192,0.378,0.376,0.369,0.193,0.198,0.248,0.065,0.094,0.088,0.092,0.157,0.155,0.157,0.104,0.106,0.152,0.067
Raw Data (600) 175 - 50 h 42 min ,0.454,0.458,0.461,0.370,0.358,0.355,0.312,0.308,0.309,0.060,0.473,0.471,0.471,0.436,0.415,0.416,0.346,0.349,0.339,0.059,0.483,0.489,0.480,0.390,0.398,0.397,0.349,0.353,0.346,0.063,0.330,0.316,0.319,0.349,0.337,0.330,0.289,0.290,0.302,0.062,0.199,0.190,0.192,0.375,0.379,0.368,0.190,0.194,0.246,0.063,0.093,0.084,0.088,0.154,0.152,0.152,0.101,0.104,0.149,0.064
Raw Data (600) 176 - 50 h 59 min ,0.457,0.459,0.457,0.363,0.357,0.356,0.312,0.312,0.309,0.064,0.474,0.472,0.473,0.430,0.413,0.413,0.345,0.350,0.341,0.060,0.483,0.490,0.480,0.389,0.396,0.399,0.349,0.351,0.346,0.063,0.329,0.317,0.319,0.352,0.336,0.332,0.290,0.291,0.299,0.062,0.206,0.189,0.189,0.372,0.376,0.369,0.191,0.195,0.246,0.063,0.092,0.084,0.091,0.156,0.153,0.154,0.099,0.106,0.154,0.063
Raw Data (600) 177 - 51 h 17 min ,0.457,0.459,0.460,0.367,0.359,0.357,0.311,0.310,0.312,0.062,0.473,0.471,0.473,0.433,0.417,0.417,0.344,0.348,0.339,0.063,0.481,0.490,0.479,0.393,0.397,0.401,0.348,0.350,0.346,0.060,0.331,0.318,0.319,0.348,0.340,0.332,0.292,0.291,0.301,0.061,0.201,0.188,0.191,0.372,0.376,0.366,0.194,0.194,0.244,0.065,0.093,0.086,0.090,0.155,0.155,0.153,0.100,0.105,0.147,0.064
Raw Data (600) 178 - 51 h 34 min ,0.455,0.456,0.458,0.366,0.356,0.357,0.309,0.308,0.305,0.062,0.472,0.470,0.472,0.428,0.415,0.412,0.343,0.351,0.339,0.060,0.480,0.488,0.482,0.390,0.394,0.398,0.345,0.348,0.344,0.063,0.329,0.314,0.318,0.347,0.334,0.331,0.290,0.289,0.300,0.062,0.203,0.190,0.189,0.370,0.371,0.367,0.193,0.197,0.245,0.062,0.096,0.086,0.089,0.154,0.154,0.156,0.101,0.104,0.149,0.065
Raw Data (600) 179 - 51 h 51 min ,0.455,0.455,0.457,0.367,0.359,0.355,0.308,0.308,0.310,0.064,0.472,0.470,0.470,0.428,0.416,0.413,0.341,0.353,0.337,0.061,0.481,0.489,0.481,0.392,0.397,0.399,0.347,0.348,0.343,0.064,0.329,0.315,0.318,0.347,0.333,0.332,0.289,0.288,0.300,0.065,0.205,0.190,0.186,0.387,0.373,0.364,0.196,0.197,0.245,0.065,0.095,0.086,0.087,0.157,0.155,0.156,0.100,0.105,0.147,0.064
Raw Data (600) 180 - 52 h 8 min ,0.457,0.457,0.462,0.368,0.361,0.357,0.305,0.304,0.306,0.063,0.472,0.472,0.473,0.435,0.416,0.418,0.342,0.345,0.341,0.061,0.483,0.490,0.481,0.392,0.401,0.400,0.345,0.350,0.347,0.062,0.328,0.317,0.321,0.349,0.338,0.332,0.291,0.290,0.302,0.063,0.204,0.192,0.193,0.373,0.375,0.368,0.194,0.196,0.246,0.066,0.095,0.088,0.090,0.157,0.156,0.153,0.100,0.107,0.152,0.067
Raw Data (600) 181 - 52 h 25 min ,0.454,0.457,0.455,0.366,0.359,0.356,0.303,0.312,0.307,0.064,0.470,0.470,0.471,0.428,0.416,0.412,0.340,0.349,0.333,0.061,0.482,0.487,0.479,0.388,0.394,0.397,0.343,0.343,0.343,0.063,0.326,0.316,0.317,0.351,0.334,0.329,0.289,0.288,0.301,0.062,0.205,0.191,0.188,0.371,0.372,0.368,0.190,0.195,0.247,0.065,0.092,0.085,0.089,0.154,0.153,0.157,0.100,0.104,0.146,0.064
Raw Data (600) 182 - 52 h 42 min ,0.455,0.455,0.455,0.367,0.359,0.356,0.302,0.350,0.320,0.065,0.473,0.472,0.470,0.430,0.416,0.415,0.349,0.347,0.334,0.062,0.480,0.489,0.479,0.390,0.394,0.401,0.343,0.348,0.342,0.063,0.326,0.313,0.319,0.348,0.333,0.344,0.291,0.288,0.301,0.062,0.207,0.190,0.189,0.371,0.372,0.366,0.192,0.197,0.246,0.061,0.095,0.087,0.091,0.159,0.155,0.156,0.099,0.103,0.154,0.064
Raw Data (600) 183 - 53 h  ,0.455,0.455,0.454,0.364,0.357,0.357,0.304,0.302,0.301,0.061,0.470,0.469,0.467,0.426,0.416,0.415,0.334,0.343,0.332,0.062,0.481,0.487,0.478,0.389,0.395,0.399,0.338,0.341,0.340,0.064,0.324,0.312,0.317,0.348,0.333,0.329,0.288,0.289,0.299,0.062,0.205,0.188,0.188,0.368,0.373,0.417,0.192,0.196,0.247,0.061,0.092,0.085,0.091,0.157,0.157,0.156,0.097,0.105,0.146,0.064
Raw Data (600) 184 - 53 h 17 min ,0.453,0.456,0.455,0.367,0.357,0.357,0.300,0.300,0.327,0.063,0.471,0.469,0.470,0.429,0.417,0.413,0.334,0.342,0.330,0.062,0.481,0.486,0.480,0.391,0.394,0.400,0.340,0.340,0.339,0.063,0.326,0.312,0.318,0.347,0.331,0.328,0.289,0.289,0.299,0.064,0.205,0.188,0.189,0.370,0.371,0.365,0.191,0.197,0.247,0.061,0.097,0.086,0.090,0.159,0.156,0.156,0.100,0.106,0.150,0.067
Raw Data (600) 185 - 53 h 34 min ,0.454,0.455,0.454,0.364,0.359,0.357,0.310,0.297,0.299,0.063,0.470,0.470,0.469,0.429,0.417,0.415,0.334,0.341,0.331,0.062,0.480,0.489,0.480,0.392,0.395,0.399,0.338,0.339,0.338,0.066,0.326,0.315,0.319,0.348,0.332,0.329,0.288,0.288,0.300,0.065,0.205,0.190,0.191,0.369,0.374,0.367,0.191,0.197,0.251,0.066,0.096,0.085,0.092,0.159,0.156,0.156,0.100,0.106,0.148,0.065
Raw Data (600) 186 - 53 h 51 min ,0.451,0.453,0.457,0.367,0.360,0.355,0.297,0.293,0.295,0.063,0.467,0.466,0.468,0.434,0.415,0.415,0.332,0.339,0.326,0.060,0.479,0.485,0.475,0.392,0.399,0.400,0.335,0.341,0.334,0.062,0.323,0.311,0.314,0.344,0.333,0.325,0.290,0.284,0.299,0.065,0.197,0.186,0.190,0.368,0.372,0.362,0.192,0.193,0.243,0.063,0.092,0.085,0.087,0.155,0.154,0.153,0.098,0.104,0.148,0.063
Raw Data (600) 187 - 54 h 8 min ,0.453,0.452,0.452,0.366,0.361,0.358,0.296,0.292,0.299,0.066,0.471,0.468,0.467,0.428,0.417,0.415,0.331,0.338,0.327,0.060,0.478,0.486,0.477,0.391,0.395,0.399,0.335,0.337,0.334,0.065,0.322,0.311,0.318,0.346,0.331,0.327,0.290,0.290,0.299,0.061,0.206,0.189,0.187,0.368,0.371,0.378,0.191,0.196,0.245,0.063,0.097,0.086,0.091,0.160,0.156,0.160,0.101,0.104,0.149,0.064
Raw Data (600) 188 - 54 h 25 min ,0.451,0.455,0.451,0.365,0.357,0.355,0.291,0.290,0.294,0.062,0.468,0.466,0.467,0.426,0.416,0.413,0.328,0.335,0.322,0.059,0.478,0.485,0.476,0.388,0.393,0.396,0.335,0.336,0.330,0.062,0.320,0.313,0.316,0.342,0.327,0.324,0.285,0.285,0.297,0.058,0.204,0.187,0.184,0.366,0.366,0.362,0.188,0.195,0.243,0.063,0.094,0.084,0.088,0.159,0.155,0.155,0.095,0.104,0.144,0.064
Raw Data (600) 189 - 54 h 43 min ,0.452,0.455,0.454,0.369,0.363,0.356,0.295,0.289,0.299,0.064,0.468,0.469,0.468,0.436,0.416,0.416,0.330,0.334,0.325,0.062,0.479,0.489,0.477,0.389,0.395,0.396,0.335,0.338,0.332,0.066,0.322,0.315,0.318,0.341,0.328,0.325,0.294,0.289,0.301,0.063,0.203,0.187,0.189,0.367,0.370,0.364,0.193,0.195,0.247,0.061,0.095,0.085,0.090,0.158,0.158,0.158,0.099,0.107,0.144,0.066
Raw Data (600) 190 - 55 h  ,0.450,0.453,0.454,0.366,0.360,0.357,0.290,0.287,0.294,0.062,0.467,0.468,0.469,0.435,0.413,0.415,0.329,0.341,0.324,0.060,0.476,0.487,0.476,0.387,0.397,0.396,0.335,0.338,0.332,0.061,0.322,0.313,0.317,0.339,0.328,0.322,0.288,0.287,0.297,0.062,0.203,0.189,0.188,0.368,0.371,0.364,0.192,0.195,0.247,0.063,0.097,0.086,0.090,0.157,0.156,0.155,0.098,0.104,0.145,0.063
Raw Data (600) 191 - 55 h 17 min ,0.453,0.452,0.454,0.367,0.359,0.356,0.316,0.286,0.294,0.063,0.469,0.467,0.466,0.429,0.418,0.412,0.327,0.340,0.320,0.063,0.478,0.485,0.475,0.391,0.393,0.400,0.332,0.336,0.328,0.065,0.323,0.315,0.317,0.343,0.329,0.323,0.288,0.284,0.299,0.066,0.205,0.187,0.188,0.369,0.371,0.365,0.188,0.195,0.247,0.067,0.098,0.085,0.090,0.158,0.157,0.159,0.098,0.104,0.144,0.069
Raw Data (600) 192 - 55 h 34 min ,0.450,0.454,0.453,0.369,0.361,0.358,0.302,0.287,0.295,0.064,0.469,0.469,0.469,0.431,0.419,0.415,0.325,0.335,0.320,0.063,0.478,0.484,0.476,0.391,0.396,0.400,0.333,0.334,0.329,0.063,0.322,0.316,0.319,0.344,0.329,0.327,0.290,0.286,0.298,0.064,0.206,0.189,0.190,0.369,0.369,0.365,0.192,0.197,0.247,0.064,0.099,0.088,0.093,0.162,0.158,0.159,0.097,0.106,0.144,0.065
Raw Data (600) 193 - 55 h 51 min ,0.453,0.452,0.454,0.367,0.360,0.357,0.290,0.285,0.294,0.063,0.469,0.467,0.469,0.432,0.418,0.417,0.322,0.336,0.319,0.064,0.478,0.483,0.477,0.392,0.396,0.403,0.330,0.330,0.329,0.068,0.321,0.313,0.318,0.345,0.329,0.328,0.289,0.286,0.298,0.064,0.208,0.188,0.189,0.369,0.371,0.451,0.191,0.198,0.245,0.065,0.100,0.086,0.093,0.161,0.158,0.160,0.102,0.105,0.143,0.066
Raw Data (600) 194 - 56 h 8 min ,0.451,0.453,0.451,0.368,0.359,0.357,0.291,0.284,0.291,0.065,0.468,0.468,0.467,0.437,0.417,0.416,0.320,0.329,0.317,0.062,0.476,0.487,0.475,0.387,0.396,0.397,0.328,0.334,0.324,0.066,0.319,0.313,0.316,0.342,0.325,0.323,0.287,0.286,0.296,0.060,0.203,0.186,0.189,0.367,0.368,0.447,0.191,0.196,0.246,0.061,0.100,0.087,0.090,0.159,0.157,0.157,0.100,0.105,0.142,0.065
Raw Data (600) 195 - 56 h 26 min ,0.447,0.450,0.449,0.366,0.359,0.356,0.290,0.278,0.294,0.064,0.466,0.464,0.466,0.428,0.417,0.414,0.320,0.331,0.317,0.061,0.476,0.483,0.475,0.388,0.395,0.398,0.328,0.328,0.325,0.063,0.318,0.312,0.315,0.342,0.325,0.321,0.288,0.284,0.298,0.062,0.205,0.187,0.187,0.364,0.367,0.361,0.188,0.195,0.245,0.061,0.100,0.084,0.088,0.160,0.160,0.159,0.098,0.105,0.142,0.064
Raw Data (600) 196 - 56 h 43 min ,0.450,0.454,0.454,0.371,0.363,0.360,0.339,0.281,0.292,0.063,0.467,0.468,0.467,0.433,0.417,0.418,0.319,0.336,0.317,0.064,0.479,0.488,0.476,0.390,0.398,0.400,0.327,0.329,0.328,0.068,0.319,0.315,0.317,0.338,0.328,0.322,0.289,0.288,0.299,0.064,0.205,0.188,0.190,0.368,0.371,0.370,0.193,0.195,0.248,0.066,0.103,0.087,0.092,0.161,0.161,0.159,0.099,0.109,0.142,0.067
Raw Data (600) 197 - 57 h  ,0.449,0.450,0.453,0.369,0.359,0.359,0.286,0.280,0.289,0.067,0.468,0.468,0.468,0.434,0.421,0.416,0.319,0.332,0.315,0.062,0.478,0.485,0.479,0.391,0.397,0.403,0.328,0.327,0.323,0.068,0.321,0.314,0.315,0.341,0.327,0.324,0.291,0.287,0.298,0.065,0.207,0.190,0.190,0.369,0.368,0.363,0.193,0.197,0.247,0.064,0.104,0.089,0.093,0.164,0.161,0.163,0.102,0.106,0.143,0.067
Raw Data (600) 198 - 57 h 17 min ,0.450,0.452,0.451,0.368,0.359,0.360,0.284,0.277,0.291,0.065,0.468,0.465,0.464,0.484,0.419,0.414,0.318,0.364,0.317,0.067,0.478,0.482,0.476,0.391,0.394,0.401,0.325,0.323,0.326,0.062,0.318,0.310,0.312,0.340,0.325,0.322,0.287,0.286,0.299,0.064,0.206,0.189,0.187,0.365,0.365,0.370,0.190,0.198,0.246,0.061,0.103,0.086,0.089,0.162,0.158,0.161,0.098,0.105,0.141,0.067
Raw Data (600) 199 - 57 h 34 min ,0.448,0.452,0.449,0.366,0.359,0.357,0.281,0.274,0.288,0.064,0.465,0.465,0.463,0.429,0.416,0.414,0.317,0.326,0.313,0.060,0.474,0.484,0.473,0.388,0.395,0.398,0.322,0.326,0.320,0.064,0.318,0.311,0.313,0.342,0.323,0.320,0.285,0.284,0.296,0.063,0.205,0.187,0.188,0.378,0.364,0.360,0.188,0.193,0.245,0.063,0.103,0.086,0.088,0.161,0.158,0.160,0.098,0.103,0.140,0.064
Raw Data (600) 200 - 57 h 51 min ,0.445,0.448,0.451,0.366,0.360,0.355,0.278,0.276,0.284,0.063,0.463,0.464,0.463,0.437,0.417,0.416,0.315,0.326,0.309,0.061,0.472,0.480,0.473,0.391,0.400,0.399,0.319,0.325,0.318,0.063,0.317,0.308,0.311,0.336,0.325,0.320,0.289,0.284,0.296,0.064,0.199,0.185,0.188,0.363,0.366,0.359,0.190,0.192,0.244,0.062,0.103,0.086,0.090,0.158,0.159,0.159,0.096,0.101,0.146,0.064
Raw Data (600) 201 - 58 h 9 min ,0.447,0.450,0.451,0.367,0.361,0.357,0.277,0.276,0.289,0.064,0.465,0.465,0.463,0.436,0.416,0.415,0.313,0.325,0.310,0.061,0.474,0.483,0.473,0.390,0.398,0.402,0.319,0.322,0.318,0.065,0.316,0.310,0.310,0.336,0.327,0.318,0.287,0.285,0.296,0.065,0.201,0.186,0.188,0.365,0.366,0.360,0.190,0.193,0.242,0.059,0.103,0.085,0.090,0.161,0.159,0.157,0.100,0.105,0.141,0.066
Raw Data (600) 202 - 58 h 26 min ,0.448,0.450,0.450,0.367,0.362,0.359,0.277,0.277,0.288,0.067,0.467,0.467,0.466,0.432,0.418,0.418,0.313,0.322,0.325,0.063,0.474,0.481,0.473,0.392,0.398,0.400,0.318,0.319,0.317,0.066,0.316,0.311,0.312,0.340,0.323,0.322,0.288,0.289,0.299,0.068,0.206,0.187,0.186,0.366,0.368,0.444,0.191,0.197,0.245,0.063,0.107,0.087,0.091,0.163,0.161,0.163,0.097,0.105,0.143,0.065
Raw Data (600) 203 - 58 h 43 min ,0.449,0.448,0.448,0.367,0.360,0.356,0.286,0.276,0.281,0.063,0.464,0.464,0.462,0.428,0.417,0.415,0.311,0.321,0.309,0.061,0.474,0.482,0.470,0.389,0.395,0.399,0.316,0.316,0.314,0.066,0.314,0.308,0.312,0.337,0.322,0.320,0.287,0.286,0.296,0.063,0.206,0.185,0.186,0.364,0.369,0.360,0.188,0.192,0.244,0.066,0.106,0.087,0.091,0.162,0.162,0.163,0.099,0.106,0.139,0.065
Raw Data (600) 204 - 59 h  ,0.446,0.447,0.445,0.366,0.357,0.357,0.275,0.275,0.286,0.064,0.461,0.461,0.463,0.427,0.417,0.415,0.308,0.325,0.313,0.061,0.473,0.478,0.471,0.390,0.393,0.399,0.314,0.318,0.312,0.065,0.315,0.307,0.310,0.335,0.320,0.319,0.287,0.285,0.294,0.067,0.206,0.186,0.187,0.363,0.365,0.359,0.190,0.192,0.241,0.060,0.106,0.086,0.089,0.162,0.159,0.161,0.096,0.105,0.138,0.063
Raw Data (600) 205 - 59 h 17 min ,0.444,0.447,0.450,0.368,0.359,0.356,0.283,0.274,0.278,0.063,0.461,0.461,0.461,0.432,0.415,0.416,0.306,0.317,0.305,0.060,0.472,0.479,0.469,0.391,0.399,0.401,0.312,0.315,0.311,0.064,0.313,0.306,0.309,0.335,0.322,0.317,0.285,0.285,0.294,0.061,0.202,0.185,0.188,0.366,0.364,0.357,0.190,0.190,0.241,0.064,0.106,0.087,0.088,0.162,0.161,0.159,0.095,0.107,0.140,0.064
Raw Data (600) 206 - 59 h 34 min ,0.447,0.448,0.449,0.366,0.360,0.358,0.273,0.269,0.279,0.064,0.464,0.461,0.462,0.428,0.418,0.414,0.306,0.334,0.307,0.061,0.474,0.481,0.471,0.401,0.394,0.403,0.314,0.315,0.312,0.066,0.317,0.305,0.312,0.339,0.322,0.319,0.285,0.285,0.294,0.063,0.208,0.189,0.186,0.364,0.364,0.359,0.190,0.192,0.243,0.061,0.107,0.086,0.090,0.164,0.161,0.164,0.101,0.104,0.139,0.067
Raw Data (600) 207 - 59 h 52 min ,0.446,0.447,0.447,0.366,0.357,0.358,0.270,0.271,0.332,0.062,0.463,0.460,0.463,0.429,0.419,0.417,0.310,0.326,0.305,0.063,0.471,0.480,0.469,0.390,0.393,0.399,0.311,0.312,0.310,0.066,0.314,0.305,0.308,0.338,0.320,0.317,0.285,0.284,0.296,0.067,0.205,0.188,0.186,0.362,0.362,0.358,0.188,0.191,0.242,0.064,0.106,0.086,0.090,0.164,0.162,0.163,0.096,0.102,0.138,0.064
Raw Data (600) 208 - 60 h 9 min ,0.448,0.448,0.450,0.370,0.364,0.357,0.270,0.271,0.282,0.066,0.462,0.462,0.465,0.433,0.419,0.418,0.306,0.320,0.306,0.063,0.472,0.481,0.470,0.393,0.397,0.404,0.310,0.314,0.311,0.061,0.316,0.309,0.311,0.333,0.324,0.317,0.285,0.285,0.295,0.064,0.203,0.187,0.191,0.365,0.366,0.358,0.192,0.194,0.243,0.061,0.106,0.088,0.091,0.165,0.162,0.162,0.099,0.111,0.140,0.069
Raw Data (600) 209 - 60 h 26 min ,0.445,0.446,0.447,0.369,0.362,0.358,0.584,0.270,0.280,0.062,0.460,0.459,0.463,0.432,0.414,0.415,0.307,0.315,0.306,0.063,0.471,0.481,0.471,0.386,0.396,0.398,0.310,0.313,0.306,0.065,0.311,0.304,0.309,0.331,0.319,0.313,0.284,0.283,0.293,0.063,0.203,0.188,0.187,0.364,0.365,0.358,0.189,0.193,0.242,0.065,0.106,0.086,0.090,0.162,0.163,0.161,0.100,0.106,0.137,0.064
Raw Data (600) 210 - 60 h 43 min ,0.443,0.444,0.445,0.364,0.358,0.358,0.270,0.271,0.277,0.065,0.461,0.461,0.460,0.429,0.416,0.417,0.303,0.313,0.302,0.062,0.471,0.477,0.469,0.386,0.395,0.401,0.308,0.308,0.305,0.062,0.312,0.303,0.308,0.333,0.317,0.314,0.282,0.281,0.293,0.061,0.206,0.187,0.186,0.423,0.362,0.359,0.188,0.193,0.239,0.061,0.105,0.088,0.090,0.165,0.161,0.163,0.100,0.102,0.140,0.065
Raw Data (600) 211 - 61 h  ,0.447,0.447,0.447,0.368,0.363,0.361,0.274,0.277,0.280,0.066,0.464,0.464,0.462,0.430,0.420,0.417,0.303,0.312,0.304,0.064,0.474,0.482,0.472,0.392,0.396,0.403,0.308,0.310,0.306,0.065,0.315,0.305,0.311,0.336,0.321,0.318,0.286,0.283,0.296,0.064,0.208,0.187,0.187,0.363,0.366,0.412,0.189,0.194,0.241,0.064,0.110,0.088,0.092,0.166,0.164,0.166,0.100,0.107,0.140,0.070
Raw Data (600) 212 - 61 h 17 min ,0.443,0.445,0.443,0.366,0.357,0.358,0.273,0.268,0.276,0.062,0.459,0.460,0.460,0.428,0.417,0.415,0.300,0.315,0.309,0.060,0.469,0.477,0.469,0.391,0.393,0.400,0.304,0.305,0.306,0.063,0.311,0.301,0.306,0.332,0.317,0.315,0.284,0.282,0.293,0.063,0.206,0.184,0.184,0.360,0.363,0.357,0.187,0.193,0.239,0.067,0.106,0.087,0.090,0.163,0.163,0.163,0.095,0.104,0.149,0.064
Raw Data (600) 213 - 61 h 35 min ,0.444,0.448,0.445,0.368,0.360,0.358,0.271,0.268,0.274,0.064,0.462,0.460,0.460,0.429,0.416,0.416,0.300,0.329,0.335,0.061,0.469,0.477,0.471,0.390,0.394,0.403,0.304,0.303,0.303,0.067,0.314,0.303,0.307,0.333,0.319,0.316,0.285,0.281,0.291,0.064,0.208,0.187,0.185,0.362,0.362,0.355,0.186,0.193,0.239,0.062,0.107,0.088,0.092,0.166,0.165,0.163,0.093,0.101,0.138,0.064
Raw Data (600) 214 - 61 h 52 min ,0.443,0.444,0.446,0.367,0.360,0.358,0.274,0.268,0.273,0.066,0.463,0.461,0.461,0.429,0.420,0.416,0.300,0.309,0.298,0.062,0.471,0.480,0.471,0.389,0.396,0.402,0.302,0.306,0.302,0.064,0.312,0.304,0.306,0.334,0.317,0.316,0.282,0.281,0.294,0.066,0.209,0.188,0.188,0.361,0.364,0.357,0.187,0.192,0.240,0.067,0.106,0.088,0.092,0.168,0.164,0.162,0.097,0.103,0.137,0.069
Raw Data (600) 215 - 62 h 9 min ,0.442,0.446,0.444,0.365,0.360,0.359,0.269,0.268,0.273,0.064,0.460,0.459,0.460,0.428,0.415,0.415,0.296,0.308,0.599,0.061,0.469,0.477,0.470,0.390,0.396,0.400,0.300,0.301,0.300,0.064,0.310,0.302,0.304,0.332,0.317,0.317,0.286,0.280,0.291,0.063,0.207,0.187,0.187,0.361,0.362,0.355,0.184,0.191,0.238,0.063,0.108,0.087,0.090,0.167,0.163,0.165,0.097,0.103,0.138,0.065
Raw Data (600) 216 - 62 h 26 min ,0.441,0.444,0.444,0.368,0.358,0.358,0.268,0.267,0.273,0.062,0.459,0.459,0.458,0.428,0.417,0.415,0.293,0.320,0.297,0.062,0.468,0.475,0.469,0.389,0.393,0.399,0.299,0.301,0.298,0.060,0.309,0.300,0.303,0.331,0.315,0.312,0.283,0.280,0.289,0.062,0.205,0.186,0.185,0.358,0.358,0.355,0.186,0.190,0.239,0.062,0.107,0.085,0.090,0.165,0.162,0.164,0.097,0.106,0.135,0.066
Raw Data (600) 217 - 62 h 43 min ,0.442,0.443,0.445,0.368,0.361,0.359,0.272,0.266,0.270,0.063,0.457,0.459,0.457,0.432,0.415,0.416,0.350,0.304,0.296,0.062,0.468,0.475,0.466,0.393,0.397,0.401,0.298,0.300,0.299,0.064,0.312,0.301,0.304,0.329,0.318,0.312,0.282,0.282,0.290,0.066,0.202,0.185,0.188,0.366,0.362,0.353,0.187,0.192,0.237,0.064,0.104,0.087,0.090,0.168,0.163,0.160,0.101,0.103,0.138,0.065
Raw Data (600) 218 - 63 h  ,0.441,0.442,0.441,0.367,0.358,0.359,0.269,0.266,0.272,0.063,0.460,0.459,0.458,0.429,0.419,0.417,0.292,0.392,0.298,0.060,0.469,0.476,0.469,0.391,0.396,0.402,0.298,0.304,0.298,0.068,0.311,0.301,0.305,0.332,0.315,0.315,0.285,0.283,0.289,0.065,0.208,0.186,0.187,0.359,0.362,0.354,0.187,0.191,0.238,0.061,0.104,0.087,0.090,0.167,0.163,0.166,0.094,0.104,0.136,0.066
Raw Data (600) 219 - 63 h 18 min ,0.444,0.445,0.445,0.368,0.362,0.360,0.268,0.266,0.269,0.064,0.460,0.459,0.459,0.429,0.420,0.419,0.291,0.323,0.296,0.064,0.467,0.475,0.468,0.390,0.396,0.405,0.295,0.298,0.296,0.064,0.310,0.301,0.304,0.331,0.315,0.321,0.285,0.285,0.292,0.068,0.208,0.188,0.186,0.361,0.361,0.355,0.186,0.191,0.239,0.067,0.106,0.089,0.094,0.167,0.165,0.185,0.096,0.102,0.135,0.068
Raw Data (600) 220 - 63 h 35 min ,0.442,0.444,0.442,0.366,0.359,0.358,0.268,0.262,0.270,0.066,0.458,0.459,0.458,0.429,0.420,0.417,0.293,0.299,0.300,0.064,0.469,0.475,0.467,0.390,0.394,0.401,0.295,0.297,0.297,0.065,0.310,0.300,0.303,0.331,0.315,0.315,0.284,0.279,0.291,0.065,0.208,0.188,0.188,0.360,0.363,0.394,0.187,0.193,0.236,0.065,0.107,0.088,0.089,0.169,0.166,0.180,0.101,0.114,0.138,0.066
Raw Data (600) 221 - 63 h 52 min ,0.437,0.440,0.441,0.366,0.359,0.354,0.263,0.263,0.281,0.065,0.456,0.456,0.456,0.431,0.416,0.414,0.968,0.307,0.294,0.059,0.464,0.474,0.466,0.389,0.396,0.401,0.292,0.296,0.293,0.061,0.307,0.296,0.300,0.326,0.322,0.307,0.279,0.284,0.287,0.060,0.200,0.184,0.184,0.357,0.359,0.352,0.184,0.185,0.233,0.062,0.103,0.086,0.086,0.166,0.162,0.166,0.098,0.099,0.137,0.064
Raw Data (600) 222 - 64 h 9 min ,0.440,0.442,0.442,0.369,0.362,0.356,0.584,0.510,0.275,0.062,0.457,0.456,0.456,0.431,0.415,0.413,0.298,0.303,0.321,0.062,0.466,0.477,0.466,0.390,0.395,0.397,0.292,0.294,0.293,0.066,0.307,0.299,0.300,0.325,0.314,0.309,0.281,0.285,0.289,0.063,0.204,0.187,0.187,0.357,0.359,0.352,0.185,0.189,0.237,0.065,0.105,0.088,0.089,0.165,0.164,0.164,0.094,0.105,0.137,0.065
Raw Data (600) 223 - 64 h 26 min ,0.439,0.439,0.440,0.365,0.359,0.358,0.269,0.263,0.265,0.061,0.457,0.455,0.455,0.427,0.417,0.415,0.296,0.295,0.327,0.062,0.468,0.473,0.466,0.390,0.393,0.402,0.288,0.292,0.290,0.064,0.308,0.298,0.301,0.328,0.312,0.312,0.280,0.283,0.288,0.061,0.204,0.187,0.187,0.380,0.360,0.354,0.182,0.189,0.234,0.062,0.105,0.086,0.088,0.167,0.164,0.168,0.092,0.104,0.136,0.062
Raw Data (600) 224 - 65 h 36 min ,0.439,0.443,0.444,0.370,0.363,0.358,0.263,0.259,0.264,0.062,0.461,0.463,0.465,0.439,0.423,0.424,0.286,0.291,0.296,0.061,0.473,0.490,0.477,0.396,0.398,0.405,0.289,0.288,0.292,0.063,0.310,0.303,0.306,0.330,0.310,0.309,0.285,0.276,0.289,0.066,0.208,0.193,0.190,0.352,0.354,0.351,0.185,0.189,0.232,0.062,0.104,0.088,0.088,0.169,0.165,0.179,0.098,0.105,0.136,0.066
Raw Data (600) 225 - 65 h 53 min ,0.438,0.441,0.442,0.368,0.364,0.359,0.259,0.259,0.259,0.065,0.454,0.454,0.454,0.429,0.416,0.417,0.310,0.288,0.297,0.063,0.466,0.475,0.464,0.390,0.397,0.401,0.284,0.292,0.287,0.060,0.308,0.297,0.298,0.322,0.316,0.308,0.281,0.277,0.288,0.061,0.204,0.185,0.186,0.355,0.354,0.350,0.186,0.188,0.233,0.061,0.103,0.091,0.087,0.170,0.165,0.162,0.092,0.101,0.136,0.066
Raw Data (600) 226 - 66 h 10 min ,0.439,0.440,0.440,0.367,0.359,0.361,0.261,0.257,0.260,0.065,0.454,0.453,0.455,0.427,0.416,0.416,0.281,0.296,0.293,0.059,0.465,0.473,0.466,0.388,0.393,0.400,0.285,0.287,0.285,0.066,0.307,0.296,0.302,0.326,0.310,0.311,0.284,0.279,0.288,0.062,0.206,0.188,0.184,0.353,0.355,0.349,0.185,0.190,0.233,0.064,0.103,0.089,0.088,0.169,0.167,0.168,0.094,0.102,0.138,0.066
Raw Data (600) 227 - 66 h 27 min ,0.440,0.440,0.441,0.367,0.361,0.360,0.264,0.258,0.266,0.066,0.454,0.455,0.456,0.430,0.418,0.415,0.284,0.289,0.298,0.063,0.464,0.475,0.467,0.392,0.397,0.403,0.284,0.287,0.284,0.063,0.306,0.299,0.301,0.327,0.312,0.312,0.281,0.282,0.289,0.065,0.209,0.187,0.186,0.357,0.359,0.353,0.187,0.191,0.234,0.067,0.105,0.090,0.089,0.171,0.167,0.170,0.093,0.101,0.139,0.068
Raw Data (600) 228 - 66 h 45 min ,0.437,0.438,0.438,0.366,0.359,0.360,0.262,0.258,0.261,0.063,0.454,0.454,0.454,0.427,0.416,0.414,0.281,0.292,0.289,0.060,0.465,0.472,0.463,0.387,0.393,0.400,0.281,0.283,0.283,0.066,0.307,0.296,0.301,0.325,0.312,0.309,0.284,0.277,0.285,0.062,0.210,0.187,0.185,0.354,0.356,0.351,0.185,0.189,0.230,0.063,0.104,0.091,0.090,0.169,0.167,0.169,0.094,0.101,0.137,0.068
Raw Data (600) 229 - 67 h 2 min ,0.437,0.438,0.440,0.365,0.359,0.358,0.261,0.256,0.260,0.063,0.454,0.453,0.452,0.427,0.418,0.415,0.280,0.288,0.293,0.064,0.464,0.470,0.465,0.389,0.395,0.401,0.281,0.282,0.281,0.066,0.307,0.298,0.300,0.327,0.312,0.310,0.281,0.278,0.283,0.065,0.208,0.187,0.184,0.354,0.357,0.350,0.185,0.192,0.232,0.063,0.105,0.090,0.089,0.172,0.168,0.186,0.096,0.104,0.137,0.066
Raw Data (600) 230 - 67 h 19 min ,0.440,0.439,0.439,0.368,0.361,0.358,0.263,0.256,0.265,0.066,0.454,0.454,0.454,0.445,0.418,0.417,0.459,0.289,0.296,0.063,0.465,0.472,0.464,0.392,0.393,0.403,0.277,0.283,0.281,0.066,0.307,0.295,0.300,0.325,0.311,0.309,0.281,0.281,0.285,0.065,0.210,0.187,0.189,0.356,0.359,0.375,0.187,0.192,0.231,0.064,0.106,0.093,0.089,0.171,0.169,0.187,0.096,0.101,0.139,0.066
Raw Data (600) 231 - 67 h 36 min ,0.440,0.440,0.437,0.367,0.361,0.359,0.263,0.258,0.259,0.064,0.456,0.454,0.453,0.452,0.418,0.415,0.286,0.287,0.291,0.064,0.463,0.472,0.462,0.391,0.395,0.402,0.279,0.282,0.279,0.067,0.307,0.297,0.301,0.327,0.308,0.309,0.279,0.279,0.286,0.068,0.210,0.189,0.186,0.356,0.357,0.352,0.186,0.189,0.232,0.064,0.106,0.090,0.089,0.173,0.168,0.174,0.095,0.101,0.138,0.067
Raw Data (600) 232 - 67 h 53 min ,0.434,0.437,0.439,0.366,0.358,0.355,0.263,0.331,0.260,0.065,0.451,0.450,0.452,0.429,0.416,0.414,0.281,0.299,0.286,0.061,0.461,0.469,0.459,0.389,0.394,0.400,0.278,0.280,0.277,0.062,0.304,0.294,0.297,0.319,0.309,0.304,0.278,0.277,0.291,0.063,0.203,0.186,0.185,0.354,0.357,0.350,0.181,0.185,0.227,0.061,0.102,0.086,0.086,0.170,0.166,0.171,0.097,0.098,0.137,0.063
Raw Data (600) 233 - 68 h 10 min ,0.436,0.445,0.438,0.368,0.361,0.360,0.261,0.254,0.259,0.066,0.453,0.453,0.453,0.428,0.416,0.417,0.278,0.288,0.290,0.066,0.463,0.471,0.463,0.391,0.393,0.402,0.276,0.279,0.278,0.064,0.306,0.294,0.299,0.323,0.309,0.309,0.278,0.276,0.284,0.064,0.209,0.188,0.187,0.355,0.357,0.351,0.186,0.191,0.228,0.067,0.105,0.091,0.088,0.173,0.170,0.183,0.100,0.102,0.139,0.066
Raw Data (600) 234 - 68 h 28 min ,0.432,0.438,0.435,0.365,0.359,0.360,0.260,0.254,0.257,0.061,0.451,0.450,0.452,0.426,0.419,0.414,0.276,0.286,0.288,0.062,0.462,0.469,0.462,0.388,0.393,0.399,0.273,0.276,0.275,0.064,0.304,0.294,0.298,0.319,0.306,0.306,0.279,0.274,0.281,0.064,0.209,0.187,0.185,0.353,0.355,0.349,0.183,0.189,0.226,0.061,0.104,0.089,0.088,0.172,0.169,0.167,0.095,0.098,0.138,0.065
Raw Data (600) 235 - 68 h 45 min ,0.433,0.435,0.435,0.366,0.358,0.358,0.259,0.250,0.253,0.063,0.452,0.450,0.451,0.427,0.415,0.412,0.301,0.284,0.311,0.061,0.459,0.467,0.460,0.387,0.392,0.399,0.271,0.275,0.273,0.060,0.303,0.291,0.295,0.320,0.308,0.306,0.277,0.281,0.281,0.063,0.207,0.185,0.184,0.353,0.355,0.347,0.182,0.187,0.225,0.062,0.103,0.091,0.088,0.170,0.167,0.184,0.094,0.098,0.136,0.064
