time,B2,B3,B4,B5,B6,B7,B8,B9,B10,B11,C2,C3,C4,C5,C6,C7,C8,C9,C10,C11,D2,D3,D4,D5,D6,D7,D8,D9,D10,D11,E2,E3,E4,E5,E6,E7,E8,E9,E10,E11,F2,F3,F4,F5,F6,F7,F8,F9,F10,F11,G2,G3,G4,G5,G6,G7,G8,G9,G10,G11
0,0.076,0.077,0.075,0.067,0.067,0.064,0.061,0.064,0.062,0.068,0.072,0.072,0.071,0.063,0.066,0.065,0.060,0.062,0.064,0.068,0.061,0.061,0.063,0.096,0.075,0.072,0.066,0.061,0.065,0.075,0.084,0.060,0.073,0.062,0.064,0.067,0.061,0.065,0.071,0.069,0.071,0.071,0.069,0.066,0.068,0.070,0.065,0.062,0.070,0.071,0.066,0.066,0.064,0.072,0.071,0.071,0.065,0.061,0.063,0.080
0.286111111,0.075,0.074,0.076,0.068,0.068,0.064,0.062,0.065,0.063,0.071,0.073,0.073,0.072,0.065,0.067,0.068,0.061,0.064,0.066,0.068,0.064,0.062,0.063,0.094,0.075,0.075,0.069,0.063,0.066,0.073,0.086,0.062,0.075,0.064,0.065,0.066,0.063,0.065,0.071,0.071,0.073,0.073,0.071,0.067,0.070,0.070,0.067,0.063,0.072,0.072,0.068,0.068,0.064,0.077,0.071,0.074,0.066,0.063,0.064,0.080
0.572222222,0.078,0.073,0.074,0.066,0.066,0.064,0.059,0.062,0.061,0.067,0.071,0.072,0.071,0.064,0.065,0.063,0.060,0.062,0.063,0.068,0.061,0.060,0.062,0.095,0.074,0.072,0.067,0.060,0.063,0.073,0.084,0.060,0.073,0.063,0.063,0.066,0.062,0.063,0.069,0.068,0.072,0.071,0.071,0.067,0.068,0.069,0.065,0.063,0.068,0.071,0.065,0.066,0.062,0.073,0.094,0.073,0.065,0.061,0.063,0.079
0.855555556,0.081,0.077,0.080,0.067,0.068,0.065,0.059,0.064,0.063,0.066,0.072,0.072,0.071,0.063,0.064,0.066,0.060,0.063,0.066,0.068,0.060,0.066,0.060,0.098,0.074,0.076,0.068,0.063,0.065,0.070,0.089,0.060,0.076,0.064,0.064,0.067,0.062,0.063,0.071,0.069,0.072,0.072,0.070,0.066,0.067,0.070,0.064,0.061,0.068,0.070,0.067,0.068,0.064,0.076,0.074,0.075,0.065,0.061,0.063,0.077
1.138888889,0.083,0.080,0.082,0.068,0.067,0.065,0.061,0.065,0.063,0.070,0.074,0.072,0.072,0.066,0.068,0.066,0.061,0.064,0.066,0.067,0.063,0.064,0.063,0.102,0.079,0.080,0.069,0.061,0.064,0.073,0.090,0.062,0.081,0.067,0.066,0.067,0.064,0.065,0.069,0.071,0.073,0.073,0.072,0.069,0.069,0.072,0.065,0.063,0.069,0.071,0.068,0.069,0.064,0.078,0.076,0.078,0.067,0.063,0.065,0.079
1.422222222,0.082,0.079,0.081,0.069,0.070,0.067,0.060,0.066,0.063,0.070,0.075,0.074,0.072,0.067,0.068,0.067,0.062,0.063,0.068,0.068,0.063,0.063,0.064,0.103,0.080,0.082,0.071,0.065,0.066,0.073,0.093,0.063,0.079,0.065,0.066,0.068,0.063,0.066,0.071,0.071,0.076,0.074,0.072,0.067,0.068,0.070,0.065,0.063,0.068,0.071,0.068,0.070,0.066,0.080,0.077,0.080,0.067,0.064,0.064,0.079
1.705555556,0.080,0.077,0.079,0.067,0.067,0.063,0.059,0.063,0.062,0.068,0.072,0.073,0.070,0.068,0.065,0.066,0.062,0.062,0.062,0.066,0.061,0.065,0.063,0.103,0.088,0.083,0.066,0.061,0.065,0.071,0.089,0.059,0.077,0.066,0.066,0.066,0.062,0.067,0.070,0.069,0.071,0.072,0.070,0.068,0.067,0.069,0.064,0.061,0.066,0.069,0.065,0.066,0.063,0.079,0.076,0.079,0.066,0.061,0.062,0.076
2,0.081,0.079,0.080,0.070,0.069,0.066,0.061,0.065,0.062,0.069,0.073,0.074,0.072,0.066,0.067,0.068,0.062,0.064,0.067,0.068,0.063,0.063,0.063,0.106,0.085,0.084,0.069,0.061,0.066,0.070,0.090,0.061,0.080,0.066,0.067,0.069,0.063,0.066,0.071,0.069,0.075,0.073,0.071,0.068,0.069,0.072,0.065,0.061,0.066,0.071,0.066,0.069,0.063,0.088,0.085,0.084,0.067,0.063,0.066,0.079
2.272222222,0.081,0.078,0.080,0.070,0.069,0.067,0.060,0.065,0.062,0.068,0.072,0.071,0.072,0.067,0.066,0.067,0.060,0.062,0.066,0.068,0.061,0.061,0.061,0.105,0.084,0.084,0.069,0.063,0.064,0.070,0.088,0.061,0.080,0.065,0.066,0.069,0.061,0.065,0.069,0.068,0.073,0.073,0.072,0.068,0.071,0.072,0.064,0.062,0.067,0.070,0.067,0.070,0.062,0.085,0.082,0.084,0.068,0.063,0.065,0.077
2.555555556,0.081,0.079,0.080,0.071,0.070,0.066,0.061,0.064,0.062,0.069,0.074,0.073,0.072,0.066,0.071,0.069,0.062,0.063,0.066,0.069,0.061,0.063,0.063,0.105,0.087,0.083,0.069,0.063,0.067,0.070,0.089,0.062,0.079,0.067,0.070,0.069,0.064,0.067,0.070,0.071,0.073,0.074,0.072,0.069,0.070,0.072,0.066,0.064,0.067,0.071,0.067,0.069,0.065,0.086,0.083,0.083,0.066,0.062,0.063,0.077
2.838888889,0.082,0.078,0.081,0.073,0.070,0.068,0.060,0.064,0.062,0.069,0.075,0.074,0.074,0.070,0.069,0.070,0.061,0.062,0.064,0.069,0.062,0.063,0.063,0.108,0.087,0.084,0.066,0.063,0.065,0.081,0.087,0.062,0.078,0.067,0.069,0.080,0.064,0.066,0.071,0.073,0.072,0.071,0.073,0.068,0.069,0.073,0.068,0.066,0.067,0.073,0.066,0.065,0.062,0.097,0.082,0.083,0.067,0.065,0.063,0.076
3.122222222,0.081,0.078,0.080,0.071,0.072,0.067,0.061,0.064,0.063,0.068,0.073,0.073,0.072,0.069,0.070,0.068,0.061,0.061,0.065,0.068,0.062,0.061,0.062,0.104,0.087,0.084,0.068,0.061,0.065,0.072,0.088,0.061,0.078,0.069,0.071,0.070,0.064,0.069,0.072,0.069,0.073,0.072,0.070,0.069,0.069,0.072,0.065,0.063,0.066,0.071,0.067,0.069,0.062,0.086,0.086,0.081,0.065,0.063,0.063,0.079
3.405555556,0.083,0.079,0.083,0.075,0.075,0.071,0.063,0.067,0.065,0.073,0.076,0.075,0.074,0.071,0.073,0.073,0.062,0.065,0.069,0.069,0.063,0.065,0.063,0.106,0.087,0.085,0.071,0.067,0.067,0.072,0.089,0.063,0.080,0.070,0.072,0.076,0.063,0.067,0.071,0.071,0.075,0.073,0.073,0.070,0.071,0.075,0.065,0.063,0.068,0.073,0.069,0.070,0.066,0.088,0.083,0.085,0.068,0.064,0.065,0.079
3.688888889,0.082,0.078,0.079,0.072,0.073,0.069,0.061,0.064,0.062,0.070,0.073,0.072,0.071,0.069,0.068,0.071,0.061,0.063,0.066,0.068,0.062,0.064,0.063,0.104,0.086,0.085,0.068,0.060,0.065,0.069,0.086,0.061,0.076,0.070,0.071,0.085,0.064,0.066,0.071,0.069,0.071,0.071,0.071,0.071,0.071,0.073,0.065,0.061,0.066,0.071,0.065,0.067,0.064,0.085,0.080,0.082,0.066,0.063,0.064,0.077
3.972222222,0.080,0.077,0.079,0.075,0.074,0.070,0.060,0.063,0.063,0.069,0.073,0.074,0.074,0.071,0.072,0.073,0.059,0.062,0.066,0.067,0.062,0.062,0.063,0.108,0.087,0.086,0.067,0.064,0.065,0.069,0.087,0.060,0.078,0.070,0.071,0.072,0.061,0.068,0.070,0.069,0.073,0.071,0.070,0.070,0.071,0.073,0.064,0.061,0.066,0.072,0.065,0.067,0.063,0.084,0.080,0.083,0.064,0.060,0.063,0.077
4.255555556,0.080,0.076,0.080,0.076,0.074,0.070,0.060,0.062,0.063,0.068,0.072,0.072,0.071,0.071,0.073,0.071,0.058,0.061,0.065,0.066,0.061,0.061,0.061,0.108,0.090,0.087,0.065,0.060,0.064,0.068,0.087,0.059,0.077,0.070,0.071,0.075,0.060,0.064,0.069,0.067,0.069,0.070,0.070,0.070,0.069,0.073,0.066,0.064,0.065,0.070,0.066,0.067,0.063,0.082,0.079,0.081,0.067,0.061,0.064,0.077
4.538888889,0.081,0.080,0.082,0.078,0.080,0.076,0.060,0.064,0.063,0.071,0.073,0.075,0.074,0.072,0.075,0.076,0.062,0.062,0.064,0.069,0.061,0.065,0.064,0.115,0.095,0.092,0.068,0.061,0.066,0.070,0.087,0.063,0.078,0.074,0.076,0.079,0.065,0.067,0.072,0.070,0.075,0.073,0.070,0.074,0.073,0.075,0.066,0.064,0.069,0.072,0.067,0.070,0.065,0.083,0.079,0.083,0.067,0.063,0.064,0.077
4.822222222,0.082,0.080,0.083,0.083,0.082,0.078,0.062,0.065,0.065,0.071,0.074,0.076,0.074,0.076,0.078,0.080,0.064,0.064,0.068,0.070,0.064,0.065,0.065,0.122,0.101,0.100,0.071,0.065,0.065,0.072,0.091,0.064,0.081,0.081,0.080,0.085,0.066,0.067,0.072,0.070,0.074,0.074,0.072,0.074,0.075,0.077,0.066,0.061,0.069,0.073,0.068,0.068,0.064,0.086,0.100,0.084,0.066,0.063,0.066,0.079
5.105555556,0.082,0.078,0.082,0.084,0.086,0.081,0.059,0.065,0.063,0.069,0.074,0.077,0.074,0.076,0.080,0.079,0.063,0.063,0.065,0.069,0.062,0.064,0.065,0.128,0.106,0.105,0.067,0.062,0.064,0.070,0.087,0.063,0.078,0.086,0.084,0.087,0.063,0.071,0.072,0.070,0.072,0.072,0.071,0.074,0.075,0.076,0.066,0.062,0.068,0.072,0.067,0.069,0.065,0.085,0.080,0.082,0.067,0.064,0.067,0.078
5.388888889,0.079,0.075,0.081,0.088,0.087,0.082,0.058,0.061,0.060,0.067,0.073,0.073,0.073,0.077,0.080,0.080,0.061,0.060,0.063,0.069,0.062,0.061,0.061,0.138,0.113,0.110,0.064,0.061,0.063,0.077,0.086,0.060,0.076,0.089,0.087,0.089,0.062,0.064,0.069,0.071,0.069,0.069,0.070,0.074,0.072,0.077,0.067,0.061,0.068,0.074,0.065,0.064,0.062,0.081,0.106,0.081,0.066,0.064,0.065,0.075
5.672222222,0.081,0.080,0.082,0.094,0.094,0.088,0.062,0.065,0.065,0.073,0.073,0.073,0.074,0.081,0.085,0.085,0.061,0.064,0.068,0.069,0.064,0.065,0.065,0.151,0.129,0.124,0.070,0.064,0.068,0.072,0.088,0.064,0.078,0.094,0.095,0.093,0.064,0.068,0.073,0.071,0.074,0.074,0.073,0.080,0.080,0.080,0.067,0.066,0.069,0.071,0.069,0.070,0.065,0.086,0.082,0.083,0.068,0.063,0.066,0.079
5.955555556,0.082,0.080,0.083,0.099,0.100,0.095,0.059,0.064,0.065,0.070,0.079,0.074,0.075,0.083,0.085,0.086,0.062,0.064,0.067,0.069,0.062,0.065,0.065,0.162,0.137,0.133,0.072,0.064,0.065,0.070,0.110,0.062,0.079,0.093,0.097,0.095,0.063,0.066,0.071,0.070,0.071,0.072,0.070,0.078,0.079,0.081,0.065,0.063,0.064,0.071,0.066,0.069,0.062,0.084,0.079,0.080,0.066,0.061,0.065,0.077
6.238888889,0.081,0.078,0.081,0.108,0.109,0.099,0.059,0.066,0.065,0.072,0.074,0.073,0.074,0.085,0.090,0.091,0.061,0.064,0.067,0.068,0.064,0.063,0.064,0.178,0.155,0.147,0.068,0.064,0.069,0.069,0.110,0.061,0.077,0.094,0.098,0.094,0.065,0.067,0.071,0.070,0.074,0.071,0.072,0.080,0.080,0.083,0.067,0.067,0.067,0.072,0.066,0.069,0.064,0.085,0.080,0.083,0.067,0.062,0.065,0.079
6.522222222,0.080,0.077,0.081,0.113,0.113,0.104,0.059,0.065,0.062,0.070,0.073,0.073,0.072,0.092,0.096,0.095,0.060,0.064,0.067,0.067,0.063,0.065,0.064,0.195,0.170,0.165,0.067,0.061,0.065,0.068,0.111,0.061,0.079,0.094,0.098,0.095,0.063,0.069,0.071,0.070,0.072,0.070,0.070,0.079,0.081,0.085,0.065,0.062,0.071,0.071,0.066,0.069,0.064,0.086,0.080,0.081,0.069,0.062,0.066,0.079
6.805555556,0.078,0.076,0.080,0.117,0.117,0.108,0.059,0.064,0.062,0.068,0.073,0.072,0.072,0.094,0.098,0.099,0.061,0.064,0.064,0.067,0.062,0.063,0.063,0.215,0.188,0.183,0.067,0.062,0.064,0.067,0.107,0.060,0.077,0.095,0.100,0.095,0.063,0.065,0.070,0.067,0.071,0.070,0.069,0.080,0.081,0.083,0.063,0.061,0.066,0.070,0.065,0.068,0.063,0.084,0.078,0.081,0.065,0.060,0.063,0.074
7.088888889,0.078,0.078,0.080,0.119,0.121,0.110,0.059,0.066,0.062,0.068,0.073,0.073,0.071,0.102,0.105,0.103,0.060,0.064,0.064,0.067,0.063,0.063,0.063,0.246,0.219,0.211,0.067,0.062,0.062,0.068,0.108,0.060,0.075,0.098,0.101,0.099,0.064,0.065,0.069,0.070,0.071,0.071,0.071,0.080,0.081,0.083,0.064,0.065,0.069,0.069,0.065,0.066,0.063,0.086,0.080,0.080,0.066,0.060,0.063,0.076
7.372222222,0.079,0.076,0.082,0.126,0.129,0.120,0.059,0.062,0.060,0.068,0.072,0.072,0.071,0.107,0.107,0.113,0.059,0.062,0.063,0.068,0.061,0.060,0.060,0.286,0.255,0.245,0.065,0.059,0.061,0.067,0.107,0.060,0.076,0.099,0.101,0.098,0.062,0.065,0.072,0.067,0.070,0.071,0.070,0.078,0.081,0.083,0.065,0.060,0.065,0.070,0.065,0.066,0.062,0.083,0.076,0.081,0.065,0.059,0.064,0.075
7.655555556,0.081,0.080,0.082,0.146,0.151,0.138,0.062,0.067,0.064,0.073,0.074,0.074,0.074,0.117,0.118,0.120,0.062,0.065,0.069,0.070,0.065,0.065,0.065,0.333,0.303,0.292,0.070,0.064,0.066,0.069,0.114,0.065,0.079,0.104,0.106,0.105,0.065,0.069,0.074,0.074,0.075,0.075,0.073,0.084,0.084,0.088,0.069,0.063,0.069,0.073,0.067,0.069,0.065,0.088,0.084,0.084,0.070,0.064,0.067,0.080
7.938888889,0.078,0.078,0.081,0.172,0.183,0.171,0.059,0.064,0.064,0.070,0.073,0.070,0.073,0.117,0.123,0.126,0.061,0.063,0.066,0.068,0.063,0.064,0.065,0.390,0.359,0.346,0.069,0.063,0.065,0.069,0.113,0.061,0.077,0.105,0.107,0.104,0.064,0.066,0.071,0.070,0.072,0.072,0.072,0.082,0.083,0.086,0.065,0.063,0.067,0.071,0.067,0.068,0.063,0.087,0.082,0.083,0.067,0.061,0.063,0.078
8.222222222,0.080,0.078,0.081,0.249,0.249,0.233,0.061,0.064,0.063,0.069,0.073,0.074,0.072,0.125,0.131,0.134,0.062,0.064,0.068,0.068,0.063,0.063,0.063,0.467,0.434,0.424,0.067,0.062,0.063,0.067,0.114,0.061,0.077,0.107,0.109,0.105,0.061,0.066,0.070,0.069,0.073,0.073,0.072,0.081,0.084,0.085,0.066,0.060,0.071,0.070,0.065,0.069,0.063,0.088,0.082,0.084,0.066,0.061,0.064,0.078
8.505555556,0.079,0.077,0.080,0.298,0.313,0.294,0.060,0.064,0.061,0.070,0.073,0.073,0.073,0.133,0.143,0.141,0.059,0.060,0.063,0.066,0.061,0.062,0.064,0.530,0.530,0.500,0.069,0.062,0.065,0.068,0.113,0.062,0.076,0.107,0.108,0.105,0.061,0.065,0.071,0.069,0.074,0.073,0.073,0.081,0.084,0.085,0.066,0.059,0.067,0.069,0.066,0.067,0.061,0.086,0.081,0.084,0.064,0.061,0.064,0.077
8.788888889,0.080,0.079,0.083,0.429,0.395,0.376,0.062,0.066,0.065,0.070,0.072,0.075,0.075,0.154,0.165,0.157,0.062,0.064,0.067,0.069,0.065,0.076,0.064,0.554,0.529,0.526,0.068,0.065,0.064,0.069,0.109,0.062,0.080,0.111,0.112,0.111,0.065,0.069,0.073,0.070,0.075,0.074,0.072,0.083,0.083,0.087,0.068,0.064,0.068,0.072,0.066,0.068,0.063,0.088,0.082,0.086,0.069,0.061,0.064,0.076
9.072222222,0.081,0.079,0.080,0.447,0.460,0.442,0.060,0.065,0.062,0.069,0.073,0.073,0.077,0.192,0.209,0.201,0.061,0.060,0.064,0.067,0.062,0.064,0.063,0.559,0.538,0.532,0.070,0.062,0.065,0.068,0.118,0.060,0.076,0.112,0.112,0.111,0.061,0.065,0.068,0.069,0.074,0.072,0.071,0.082,0.082,0.086,0.066,0.060,0.068,0.069,0.066,0.065,0.063,0.087,0.084,0.085,0.064,0.059,0.061,0.078
9.355555556,0.080,0.077,0.081,0.485,0.494,0.485,0.060,0.064,0.061,0.068,0.073,0.073,0.072,0.248,0.260,0.248,0.058,0.064,0.066,0.068,0.062,0.062,0.062,0.561,0.538,0.536,0.065,0.060,0.064,0.067,0.119,0.059,0.076,0.110,0.112,0.110,0.060,0.067,0.070,0.069,0.074,0.071,0.072,0.080,0.081,0.085,0.066,0.061,0.066,0.069,0.066,0.066,0.060,0.088,0.082,0.083,0.064,0.060,0.061,0.077
9.638888889,0.080,0.080,0.081,0.504,0.510,0.502,0.059,0.064,0.064,0.070,0.074,0.076,0.074,0.303,0.325,0.311,0.062,0.064,0.065,0.068,0.062,0.065,0.065,0.563,0.542,0.537,0.071,0.064,0.065,0.069,0.097,0.063,0.077,0.114,0.115,0.113,0.062,0.069,0.072,0.070,0.075,0.073,0.073,0.081,0.084,0.086,0.067,0.061,0.067,0.071,0.066,0.069,0.064,0.089,0.103,0.086,0.066,0.062,0.065,0.078
10,0.083,0.077,0.080,0.508,0.517,0.510,0.061,0.064,0.063,0.068,0.072,0.074,0.074,0.377,0.396,0.386,0.063,0.064,0.066,0.068,0.063,0.060,0.061,0.561,0.540,0.536,0.066,0.060,0.063,0.068,0.097,0.061,0.077,0.113,0.115,0.113,0.063,0.070,0.070,0.069,0.074,0.074,0.071,0.082,0.082,0.085,0.066,0.059,0.067,0.070,0.065,0.067,0.064,0.089,0.107,0.085,0.065,0.061,0.063,0.076
10.20555556,0.088,0.079,0.083,0.512,0.517,0.512,0.061,0.065,0.064,0.072,0.073,0.074,0.075,0.445,0.463,0.455,0.062,0.067,0.068,0.068,0.063,0.064,0.066,0.562,0.539,0.538,0.072,0.065,0.067,0.069,0.101,0.063,0.079,0.115,0.119,0.116,0.063,0.065,0.072,0.070,0.076,0.076,0.073,0.082,0.084,0.086,0.069,0.064,0.069,0.072,0.069,0.070,0.064,0.091,0.084,0.087,0.067,0.063,0.066,0.078
10.48888889,0.086,0.078,0.081,0.510,0.517,0.511,0.061,0.064,0.063,0.068,0.074,0.074,0.072,0.476,0.486,0.482,0.061,0.065,0.067,0.067,0.063,0.069,0.063,0.560,0.539,0.535,0.066,0.060,0.062,0.069,0.099,0.061,0.078,0.117,0.117,0.116,0.064,0.068,0.071,0.069,0.075,0.073,0.073,0.083,0.083,0.087,0.067,0.062,0.069,0.069,0.064,0.067,0.062,0.088,0.083,0.084,0.065,0.061,0.063,0.078
10.7722222,0.092,0.079,0.082,0.516,0.515,0.511,0.062,0.063,0.062,0.071,0.074,0.077,0.075,0.490,0.500,0.492,0.061,0.062,0.065,0.070,0.066,0.063,0.064,0.562,0.538,0.532,0.069,0.065,0.066,0.075,0.095,0.063,0.077,0.119,0.120,0.116,0.065,0.067,0.072,0.073,0.074,0.072,0.071,0.081,0.080,0.087,0.070,0.062,0.068,0.072,0.066,0.065,0.062,0.089,0.084,0.085,0.067,0.064,0.063,0.075
11.05555556,0.086,0.078,0.082,0.512,0.518,0.511,0.059,0.062,0.064,0.068,0.073,0.073,0.073,0.497,0.505,0.500,0.061,0.063,0.065,0.066,0.062,0.063,0.065,0.558,0.535,0.531,0.066,0.059,0.066,0.068,0.097,0.063,0.076,0.118,0.119,0.118,0.063,0.067,0.072,0.070,0.076,0.074,0.072,0.082,0.082,0.086,0.069,0.064,0.068,0.070,0.066,0.068,0.063,0.089,0.082,0.085,0.066,0.061,0.064,0.076
11.33888889,0.086,0.078,0.080,0.515,0.520,0.513,0.062,0.065,0.064,0.069,0.074,0.076,0.074,0.501,0.508,0.503,0.062,0.062,0.065,0.068,0.063,0.064,0.063,0.558,0.537,0.534,0.067,0.061,0.062,0.069,0.100,0.062,0.077,0.121,0.121,0.121,0.064,0.068,0.070,0.070,0.077,0.076,0.074,0.084,0.083,0.086,0.072,0.067,0.069,0.068,0.065,0.067,0.063,0.089,0.083,0.086,0.067,0.062,0.063,0.077
11.6222222,0.087,0.080,0.083,0.514,0.518,0.512,0.061,0.066,0.063,0.071,0.075,0.076,0.075,0.500,0.510,0.505,0.064,0.067,0.067,0.069,0.063,0.063,0.063,0.557,0.537,0.530,0.070,0.063,0.063,0.068,0.103,0.063,0.079,0.123,0.121,0.123,0.065,0.069,0.073,0.070,0.078,0.077,0.074,0.085,0.083,0.088,0.072,0.064,0.069,0.071,0.066,0.068,0.064,0.091,0.084,0.087,0.067,0.062,0.064,0.077
11.9055555,0.087,0.080,0.086,0.510,0.515,0.508,0.060,0.064,0.062,0.069,0.076,0.079,0.077,0.500,0.508,0.505,0.062,0.062,0.067,0.069,0.066,0.065,0.063,0.556,0.535,0.530,0.065,0.063,0.068,0.071,0.098,0.060,0.079,0.125,0.124,0.124,0.063,0.066,0.070,0.070,0.078,0.078,0.073,0.084,0.084,0.090,0.073,0.066,0.070,0.071,0.068,0.067,0.064,0.091,0.084,0.086,0.069,0.063,0.064,0.077
12.18888889,0.088,0.079,0.082,0.504,0.509,0.505,0.061,0.064,0.065,0.070,0.075,0.075,0.075,0.500,0.505,0.501,0.061,0.065,0.065,0.068,0.064,0.064,0.065,0.550,0.530,0.529,0.070,0.063,0.066,0.069,0.109,0.060,0.077,0.126,0.126,0.125,0.061,0.065,0.072,0.070,0.079,0.074,0.074,0.084,0.083,0.087,0.074,0.061,0.068,0.070,0.064,0.068,0.064,0.090,0.084,0.084,0.067,0.061,0.064,0.077
12.47222222,0.087,0.080,0.081,0.503,0.510,0.503,0.061,0.065,0.064,0.069,0.074,0.075,0.076,0.499,0.504,0.502,0.061,0.063,0.067,0.068,0.063,0.062,0.063,0.548,0.528,0.526,0.071,0.064,0.066,0.067,0.102,0.060,0.077,0.127,0.126,0.126,0.064,0.066,0.070,0.070,0.077,0.076,0.072,0.083,0.083,0.087,0.074,0.061,0.066,0.071,0.065,0.068,0.064,0.089,0.084,0.085,0.066,0.062,0.064,0.077
12.75555556,0.088,0.079,0.084,0.503,0.509,0.502,0.060,0.066,0.064,0.069,0.077,0.077,0.077,0.499,0.506,0.502,0.061,0.064,0.066,0.069,0.062,0.064,0.067,0.551,0.530,0.526,0.070,0.065,0.064,0.068,0.103,0.063,0.079,0.130,0.128,0.128,0.064,0.069,0.073,0.071,0.079,0.077,0.074,0.084,0.085,0.087,0.077,0.064,0.069,0.071,0.066,0.068,0.065,0.089,0.086,0.086,0.065,0.061,0.064,0.078
13.03888889,0.094,0.080,0.085,0.516,0.506,0.501,0.060,0.063,0.062,0.070,0.074,0.076,0.075,0.499,0.505,0.501,0.060,0.064,0.065,0.070,0.063,0.061,0.061,0.553,0.530,0.526,0.064,0.061,0.064,0.074,0.100,0.060,0.077,0.130,0.127,0.130,0.063,0.064,0.071,0.072,0.075,0.075,0.074,0.084,0.081,0.088,0.076,0.061,0.067,0.072,0.066,0.065,0.064,0.088,0.084,0.086,0.068,0.065,0.065,0.074
13.3222222,0.088,0.079,0.082,0.496,0.505,0.498,0.059,0.063,0.063,0.069,0.075,0.075,0.075,0.495,0.501,0.498,0.059,0.061,0.064,0.066,0.062,0.062,0.063,0.546,0.527,0.523,0.067,0.060,0.062,0.067,0.105,0.062,0.078,0.130,0.131,0.132,0.063,0.067,0.070,0.069,0.077,0.076,0.074,0.083,0.083,0.088,0.078,0.059,0.066,0.070,0.065,0.066,0.061,0.087,0.083,0.086,0.064,0.060,0.062,0.076
13.6055555,0.089,0.081,0.083,0.499,0.503,0.498,0.061,0.064,0.063,0.069,0.075,0.076,0.073,0.493,0.501,0.496,0.059,0.064,0.064,0.066,0.060,0.063,0.065,0.547,0.527,0.523,0.069,0.063,0.065,0.068,0.105,0.061,0.076,0.134,0.132,0.134,0.063,0.071,0.071,0.069,0.078,0.076,0.074,0.084,0.083,0.089,0.082,0.065,0.068,0.069,0.064,0.067,0.064,0.089,0.085,0.086,0.067,0.060,0.064,0.076
13.8888888,0.093,0.082,0.084,0.498,0.502,0.499,0.060,0.064,0.065,0.070,0.076,0.078,0.097,0.494,0.499,0.496,0.062,0.064,0.068,0.068,0.064,0.063,0.063,0.546,0.554,0.522,0.073,0.064,0.068,0.069,0.108,0.064,0.079,0.139,0.134,0.137,0.066,0.069,0.073,0.072,0.080,0.078,0.076,0.086,0.087,0.090,0.086,0.061,0.068,0.071,0.065,0.070,0.064,0.091,0.085,0.088,0.066,0.061,0.064,0.078
14.17222222,0.089,0.077,0.083,0.496,0.502,0.494,0.059,0.065,0.062,0.068,0.074,0.076,0.074,0.488,0.497,0.493,0.059,0.062,0.065,0.067,0.064,0.060,0.060,0.544,0.523,0.517,0.066,0.061,0.062,0.065,0.106,0.061,0.076,0.139,0.134,0.138,0.062,0.067,0.069,0.068,0.079,0.075,0.074,0.085,0.084,0.088,0.083,0.061,0.067,0.070,0.064,0.067,0.062,0.088,0.083,0.085,0.063,0.059,0.063,0.077
14.45555556,0.100,0.083,0.087,0.501,0.503,0.497,0.062,0.064,0.062,0.071,0.076,0.078,0.078,0.494,0.498,0.494,0.066,0.066,0.067,0.071,0.063,0.065,0.063,0.550,0.543,0.522,0.066,0.062,0.065,0.075,0.102,0.064,0.079,0.141,0.138,0.140,0.063,0.067,0.073,0.075,0.078,0.077,0.076,0.086,0.085,0.090,0.088,0.062,0.070,0.073,0.068,0.064,0.066,0.087,0.087,0.088,0.071,0.066,0.066,0.077
14.73888889,0.096,0.083,0.086,0.496,0.502,0.495,0.062,0.066,0.064,0.071,0.077,0.077,0.077,0.492,0.496,0.494,0.063,0.066,0.068,0.070,0.065,0.066,0.068,0.544,0.525,0.520,0.072,0.063,0.067,0.070,0.110,0.064,0.078,0.144,0.142,0.145,0.064,0.069,0.074,0.070,0.081,0.078,0.078,0.089,0.088,0.091,0.090,0.062,0.069,0.070,0.067,0.070,0.065,0.091,0.086,0.087,0.068,0.063,0.064,0.080
15.02222222,0.100,0.079,0.085,0.496,0.498,0.493,0.059,0.064,0.061,0.067,0.075,0.076,0.079,0.488,0.495,0.489,0.063,0.063,0.065,0.069,0.062,0.062,0.063,0.545,0.525,0.519,0.064,0.060,0.063,0.073,0.101,0.058,0.077,0.143,0.139,0.144,0.060,0.065,0.071,0.070,0.076,0.073,0.073,0.084,0.083,0.090,0.087,0.064,0.067,0.072,0.065,0.065,0.063,0.086,0.084,0.085,0.063,0.062,0.062,0.074
15.30555556,0.096,0.080,0.085,0.494,0.500,0.492,0.061,0.065,0.064,0.069,0.079,0.078,0.077,0.488,0.493,0.490,0.062,0.064,0.067,0.069,0.065,0.068,0.065,0.543,0.522,0.518,0.069,0.062,0.065,0.068,0.110,0.062,0.079,0.148,0.144,0.150,0.063,0.068,0.072,0.070,0.079,0.077,0.076,0.088,0.088,0.091,0.091,0.066,0.072,0.071,0.066,0.070,0.065,0.092,0.086,0.087,0.066,0.061,0.064,0.078
15.58888889,0.096,0.081,0.085,0.496,0.497,0.491,0.060,0.063,0.061,0.069,0.076,0.079,0.076,0.488,0.493,0.488,0.065,0.065,0.065,0.070,0.064,0.063,0.063,0.543,0.520,0.515,0.065,0.065,0.063,0.076,0.104,0.064,0.078,0.151,0.144,0.149,0.064,0.068,0.074,0.073,0.077,0.077,0.076,0.086,0.085,0.089,0.090,0.063,0.072,0.072,0.067,0.066,0.064,0.089,0.086,0.086,0.067,0.062,0.062,0.074
15.87222222,0.101,0.082,0.083,0.489,0.497,0.489,0.061,0.065,0.064,0.070,0.077,0.077,0.076,0.485,0.492,0.488,0.060,0.063,0.065,0.069,0.062,0.064,0.065,0.540,0.518,0.517,0.070,0.065,0.067,0.066,0.108,0.063,0.079,0.153,0.148,0.154,0.062,0.069,0.072,0.069,0.080,0.077,0.076,0.086,0.087,0.089,0.091,0.062,0.068,0.068,0.065,0.068,0.064,0.091,0.084,0.088,0.066,0.060,0.063,0.079
16.15555556,0.100,0.082,0.085,0.492,0.495,0.489,0.059,0.065,0.065,0.071,0.077,0.076,0.077,0.488,0.491,0.486,0.063,0.064,0.065,0.067,0.063,0.063,0.063,0.539,0.555,0.516,0.072,0.065,0.067,0.070,0.112,0.062,0.078,0.154,0.149,0.155,0.065,0.068,0.070,0.070,0.080,0.077,0.075,0.088,0.087,0.091,0.091,0.061,0.070,0.071,0.065,0.067,0.064,0.090,0.085,0.086,0.067,0.063,0.065,0.078
16.43888889,0.100,0.081,0.085,0.486,0.492,0.487,0.060,0.063,0.063,0.069,0.077,0.077,0.077,0.483,0.490,0.485,0.059,0.062,0.066,0.069,0.064,0.063,0.064,0.538,0.516,0.512,0.069,0.064,0.065,0.067,0.110,0.061,0.077,0.157,0.151,0.157,0.062,0.066,0.070,0.068,0.080,0.077,0.074,0.087,0.087,0.092,0.090,0.060,0.068,0.070,0.066,0.069,0.064,0.091,0.086,0.087,0.066,0.062,0.063,0.077
16.72222222,0.103,0.083,0.085,0.486,0.489,0.484,0.060,0.065,0.064,0.071,0.076,0.077,0.076,0.479,0.490,0.484,0.061,0.067,0.067,0.069,0.064,0.064,0.063,0.538,0.549,0.513,0.071,0.065,0.066,0.067,0.111,0.062,0.076,0.161,0.153,0.160,0.062,0.069,0.072,0.070,0.081,0.079,0.076,0.088,0.088,0.091,0.091,0.062,0.068,0.071,0.065,0.069,0.064,0.092,0.085,0.088,0.066,0.063,0.063,0.077
17.00555556,0.101,0.083,0.086,0.484,0.491,0.484,0.061,0.066,0.064,0.070,0.077,0.076,0.075,0.480,0.487,0.482,0.061,0.066,0.067,0.069,0.063,0.067,0.066,0.536,0.538,0.511,0.070,0.065,0.067,0.066,0.111,0.060,0.077,0.160,0.152,0.161,0.062,0.072,0.071,0.069,0.078,0.078,0.076,0.088,0.087,0.091,0.091,0.060,0.069,0.070,0.065,0.066,0.063,0.091,0.084,0.084,0.066,0.060,0.063,0.077
17.28888889,0.103,0.083,0.085,0.483,0.489,0.483,0.059,0.064,0.064,0.068,0.075,0.076,0.075,0.478,0.486,0.480,0.060,0.065,0.065,0.067,0.064,0.062,0.063,0.531,0.514,0.510,0.065,0.060,0.062,0.069,0.111,0.061,0.077,0.163,0.156,0.162,0.063,0.069,0.071,0.069,0.080,0.076,0.075,0.086,0.086,0.090,0.089,0.060,0.067,0.069,0.065,0.067,0.063,0.090,0.085,0.085,0.068,0.061,0.065,0.075
17.5722222,0.102,0.083,0.086,0.481,0.486,0.480,0.058,0.063,0.062,0.069,0.076,0.076,0.075,0.477,0.485,0.481,0.059,0.062,0.065,0.066,0.062,0.063,0.062,0.533,0.514,0.508,0.070,0.062,0.064,0.066,0.111,0.062,0.075,0.164,0.158,0.166,0.062,0.067,0.070,0.068,0.079,0.077,0.074,0.087,0.087,0.089,0.091,0.059,0.065,0.070,0.065,0.067,0.062,0.090,0.084,0.085,0.064,0.060,0.062,0.077
17.85555556,0.101,0.083,0.085,0.479,0.487,0.478,0.058,0.064,0.064,0.069,0.075,0.077,0.078,0.477,0.483,0.480,0.059,0.063,0.066,0.067,0.062,0.064,0.063,0.533,0.520,0.509,0.070,0.064,0.066,0.068,0.112,0.060,0.077,0.166,0.158,0.171,0.062,0.068,0.070,0.069,0.080,0.077,0.077,0.088,0.086,0.091,0.091,0.060,0.068,0.070,0.064,0.067,0.063,0.092,0.085,0.085,0.064,0.060,0.064,0.076
18.13888889,0.101,0.083,0.086,0.478,0.487,0.480,0.061,0.065,0.064,0.069,0.079,0.078,0.077,0.478,0.480,0.479,0.061,0.064,0.066,0.068,0.064,0.065,0.066,0.533,0.513,0.508,0.069,0.062,0.066,0.069,0.115,0.062,0.078,0.170,0.162,0.171,0.064,0.069,0.072,0.069,0.081,0.078,0.076,0.088,0.088,0.092,0.090,0.061,0.070,0.071,0.066,0.068,0.063,0.091,0.084,0.086,0.067,0.062,0.064,0.079
18.42222222,0.100,0.083,0.087,0.482,0.487,0.477,0.060,0.064,0.063,0.068,0.079,0.078,0.076,0.477,0.482,0.479,0.058,0.063,0.066,0.067,0.063,0.063,0.065,0.534,0.515,0.507,0.075,0.064,0.066,0.068,0.116,0.063,0.077,0.172,0.162,0.174,0.063,0.067,0.070,0.068,0.081,0.080,0.077,0.088,0.090,0.094,0.093,0.066,0.074,0.070,0.065,0.068,0.062,0.092,0.086,0.087,0.065,0.060,0.064,0.077
18.7055555,0.102,0.083,0.087,0.479,0.483,0.477,0.063,0.064,0.063,0.067,0.079,0.076,0.078,0.474,0.481,0.478,0.060,0.062,0.064,0.067,0.063,0.062,0.061,0.530,0.509,0.507,0.069,0.061,0.062,0.065,0.115,0.060,0.079,0.172,0.164,0.174,0.060,0.067,0.070,0.069,0.081,0.077,0.076,0.088,0.087,0.092,0.092,0.061,0.072,0.069,0.065,0.067,0.062,0.091,0.083,0.084,0.064,0.059,0.063,0.076
18.98888889,0.103,0.084,0.088,0.479,0.485,0.476,0.060,0.065,0.061,0.069,0.080,0.078,0.076,0.474,0.482,0.476,0.060,0.063,0.065,0.069,0.063,0.063,0.064,0.533,0.511,0.507,0.066,0.060,0.061,0.067,0.114,0.061,0.078,0.175,0.167,0.178,0.064,0.069,0.070,0.069,0.081,0.077,0.074,0.086,0.087,0.090,0.093,0.063,0.072,0.070,0.066,0.068,0.062,0.093,0.082,0.085,0.065,0.061,0.063,0.077
19.27222222,0.106,0.089,0.089,0.477,0.480,0.473,0.061,0.060,0.063,0.069,0.079,0.079,0.077,0.472,0.477,0.472,0.060,0.062,0.063,0.070,0.063,0.063,0.064,0.531,0.510,0.503,0.066,0.064,0.064,0.073,0.111,0.060,0.078,0.174,0.167,0.176,0.062,0.066,0.071,0.073,0.077,0.076,0.074,0.087,0.088,0.091,0.095,0.060,0.069,0.074,0.066,0.064,0.064,0.090,0.084,0.085,0.065,0.063,0.062,0.075
19.55555556,0.103,0.088,0.088,0.473,0.478,0.474,0.060,0.062,0.061,0.068,0.078,0.077,0.077,0.471,0.478,0.470,0.059,0.061,0.064,0.070,0.062,0.063,0.063,0.530,0.508,0.502,0.070,0.065,0.067,0.071,0.108,0.059,0.079,0.178,0.168,0.180,0.061,0.063,0.069,0.071,0.078,0.074,0.076,0.087,0.085,0.093,0.093,0.060,0.070,0.075,0.066,0.064,0.063,0.092,0.082,0.083,0.064,0.061,0.065,0.075
19.8388888,0.104,0.087,0.088,0.473,0.479,0.472,0.060,0.064,0.061,0.069,0.079,0.078,0.076,0.473,0.476,0.471,0.060,0.064,0.065,0.067,0.063,0.063,0.064,0.528,0.504,0.501,0.070,0.062,0.065,0.066,0.118,0.059,0.078,0.182,0.171,0.182,0.059,0.064,0.070,0.070,0.081,0.077,0.075,0.088,0.088,0.091,0.095,0.061,0.072,0.071,0.065,0.067,0.064,0.094,0.082,0.087,0.063,0.060,0.062,0.075
20.12222222,0.107,0.088,0.090,0.473,0.480,0.470,0.060,0.063,0.064,0.069,0.082,0.077,0.078,0.473,0.476,0.473,0.059,0.065,0.064,0.067,0.064,0.062,0.064,0.527,0.509,0.504,0.070,0.064,0.066,0.067,0.119,0.062,0.078,0.183,0.175,0.186,0.065,0.074,0.073,0.071,0.081,0.078,0.076,0.090,0.090,0.092,0.095,0.061,0.073,0.071,0.067,0.067,0.065,0.094,0.087,0.089,0.066,0.061,0.064,0.077
20.40555556,0.107,0.087,0.089,0.470,0.479,0.470,0.061,0.065,0.064,0.069,0.081,0.077,0.077,0.470,0.475,0.471,0.061,0.065,0.066,0.068,0.062,0.063,0.064,0.527,0.506,0.502,0.067,0.060,0.063,0.068,0.121,0.060,0.078,0.184,0.176,0.188,0.061,0.067,0.069,0.068,0.080,0.076,0.075,0.088,0.091,0.090,0.096,0.062,0.071,0.071,0.066,0.067,0.063,0.095,0.084,0.086,0.067,0.064,0.064,0.077
20.68888889,0.107,0.090,0.091,0.473,0.479,0.469,0.058,0.062,0.062,0.068,0.081,0.077,0.079,0.469,0.475,0.469,0.061,0.061,0.064,0.069,0.063,0.060,0.063,0.532,0.506,0.502,0.066,0.061,0.068,0.069,0.116,0.060,0.079,0.188,0.177,0.188,0.063,0.065,0.069,0.070,0.080,0.078,0.077,0.090,0.090,0.094,0.097,0.064,0.071,0.070,0.065,0.066,0.063,0.094,0.084,0.087,0.067,0.062,0.062,0.075
20.97222222,0.108,0.090,0.087,0.473,0.477,0.469,0.061,0.063,0.061,0.070,0.080,0.079,0.077,0.469,0.473,0.470,0.060,0.060,0.063,0.071,0.063,0.065,0.063,0.530,0.523,0.500,0.068,0.064,0.066,0.072,0.115,0.061,0.079,0.188,0.178,0.191,0.062,0.063,0.071,0.073,0.080,0.075,0.076,0.087,0.089,0.092,0.096,0.067,0.071,0.072,0.067,0.065,0.062,0.093,0.085,0.086,0.064,0.061,0.063,0.075
21.25555556,0.107,0.088,0.092,0.468,0.475,0.468,0.061,0.064,0.062,0.069,0.080,0.076,0.075,0.468,0.473,0.467,0.060,0.067,0.065,0.066,0.064,0.063,0.064,0.527,0.504,0.499,0.068,0.064,0.066,0.067,0.121,0.061,0.079,0.191,0.180,0.193,0.063,0.066,0.072,0.070,0.078,0.076,0.074,0.088,0.088,0.091,0.096,0.061,0.071,0.071,0.066,0.067,0.063,0.095,0.084,0.087,0.064,0.060,0.062,0.075
21.5388888,0.106,0.087,0.091,0.468,0.475,0.466,0.059,0.064,0.066,0.070,0.082,0.076,0.077,0.467,0.473,0.466,0.060,0.066,0.065,0.067,0.061,0.063,0.064,0.524,0.502,0.499,0.070,0.066,0.066,0.068,0.124,0.061,0.080,0.195,0.183,0.198,0.064,0.068,0.073,0.069,0.080,0.076,0.074,0.090,0.090,0.093,0.099,0.061,0.072,0.071,0.067,0.069,0.063,0.096,0.086,0.086,0.066,0.060,0.064,0.076
21.82222222,0.110,0.087,0.090,0.466,0.474,0.465,0.061,0.065,0.065,0.069,0.081,0.075,0.076,0.464,0.470,0.466,0.059,0.063,0.064,0.068,0.063,0.063,0.064,0.523,0.500,0.497,0.071,0.065,0.066,0.066,0.123,0.062,0.078,0.196,0.183,0.198,0.063,0.067,0.069,0.069,0.081,0.076,0.074,0.091,0.090,0.092,0.099,0.061,0.072,0.069,0.063,0.068,0.062,0.096,0.085,0.085,0.067,0.063,0.064,0.076
22.10555556,0.110,0.088,0.088,0.463,0.472,0.462,0.060,0.063,0.063,0.069,0.082,0.075,0.075,0.463,0.470,0.465,0.061,0.062,0.064,0.068,0.060,0.062,0.065,0.523,0.502,0.495,0.069,0.062,0.066,0.066,0.125,0.058,0.078,0.199,0.185,0.200,0.060,0.068,0.070,0.068,0.080,0.074,0.074,0.091,0.088,0.093,0.098,0.061,0.073,0.068,0.064,0.067,0.062,0.096,0.084,0.085,0.066,0.062,0.064,0.074
22.38888889,0.109,0.086,0.087,0.465,0.471,0.462,0.059,0.065,0.062,0.069,0.084,0.077,0.076,0.463,0.468,0.462,0.060,0.064,0.064,0.066,0.061,0.063,0.063,0.522,0.501,0.495,0.067,0.060,0.062,0.066,0.124,0.060,0.079,0.199,0.186,0.203,0.062,0.065,0.070,0.071,0.081,0.076,0.075,0.091,0.089,0.094,0.099,0.066,0.074,0.070,0.065,0.068,0.063,0.097,0.086,0.087,0.065,0.060,0.064,0.077
22.6722222,0.112,0.090,0.090,0.465,0.466,0.461,0.059,0.064,0.060,0.070,0.080,0.077,0.077,0.464,0.469,0.462,0.060,0.062,0.062,0.069,0.063,0.062,0.063,0.524,0.500,0.493,0.066,0.061,0.064,0.071,0.120,0.059,0.079,0.199,0.187,0.205,0.063,0.062,0.070,0.071,0.078,0.074,0.075,0.091,0.086,0.094,0.099,0.065,0.071,0.071,0.066,0.063,0.062,0.096,0.083,0.086,0.066,0.063,0.063,0.074
22.95555556,0.108,0.088,0.088,0.461,0.471,0.460,0.059,0.062,0.063,0.070,0.083,0.077,0.075,0.461,0.467,0.464,0.060,0.063,0.064,0.067,0.063,0.061,0.061,0.518,0.497,0.494,0.066,0.060,0.061,0.066,0.128,0.062,0.078,0.203,0.191,0.207,0.062,0.065,0.070,0.070,0.080,0.076,0.073,0.092,0.088,0.094,0.101,0.061,0.075,0.071,0.065,0.067,0.061,0.097,0.085,0.088,0.065,0.061,0.063,0.077
23.23888889,0.112,0.088,0.090,0.461,0.467,0.462,0.059,0.063,0.064,0.069,0.084,0.074,0.075,0.461,0.467,0.461,0.060,0.062,0.063,0.067,0.061,0.061,0.063,0.519,0.497,0.491,0.066,0.060,0.061,0.065,0.128,0.060,0.077,0.204,0.189,0.206,0.059,0.065,0.068,0.069,0.078,0.073,0.073,0.092,0.088,0.093,0.099,0.062,0.074,0.069,0.066,0.066,0.063,0.097,0.083,0.088,0.063,0.059,0.062,0.076
23.52222222,0.113,0.087,0.090,0.467,0.472,0.462,0.060,0.065,0.065,0.068,0.085,0.077,0.077,0.463,0.466,0.462,0.061,0.064,0.065,0.068,0.063,0.062,0.063,0.523,0.501,0.494,0.066,0.061,0.063,0.067,0.131,0.061,0.080,0.207,0.192,0.210,0.061,0.065,0.071,0.069,0.081,0.077,0.075,0.094,0.090,0.095,0.101,0.063,0.075,0.071,0.065,0.069,0.064,0.099,0.086,0.089,0.065,0.061,0.062,0.076
23.8055555,0.117,0.092,0.095,0.464,0.468,0.461,0.060,0.064,0.062,0.069,0.085,0.078,0.079,0.461,0.468,0.461,0.063,0.068,0.065,0.069,0.063,0.062,0.064,0.522,0.501,0.493,0.067,0.062,0.063,0.071,0.128,0.063,0.081,0.210,0.194,0.214,0.063,0.069,0.071,0.074,0.079,0.075,0.076,0.091,0.087,0.097,0.101,0.064,0.075,0.073,0.066,0.066,0.062,0.097,0.084,0.089,0.068,0.064,0.065,0.075
24.0888888,0.117,0.094,0.094,0.460,0.467,0.459,0.061,0.065,0.063,0.070,0.086,0.080,0.077,0.460,0.465,0.459,0.061,0.063,0.066,0.069,0.063,0.065,0.064,0.522,0.499,0.494,0.066,0.065,0.066,0.071,0.130,0.063,0.080,0.211,0.194,0.214,0.064,0.066,0.070,0.073,0.081,0.075,0.075,0.093,0.088,0.098,0.105,0.068,0.076,0.073,0.068,0.067,0.065,0.099,0.088,0.088,0.068,0.065,0.064,0.077
24.3722222,0.116,0.091,0.095,0.457,0.464,0.457,0.061,0.065,0.064,0.070,0.088,0.080,0.078,0.458,0.463,0.459,0.063,0.068,0.067,0.070,0.064,0.065,0.065,0.516,0.493,0.488,0.069,0.065,0.065,0.067,0.142,0.060,0.080,0.216,0.198,0.218,0.064,0.068,0.072,0.073,0.081,0.078,0.075,0.096,0.089,0.096,0.102,0.063,0.071,0.073,0.066,0.068,0.064,0.101,0.087,0.090,0.067,0.062,0.064,0.078
24.65555556,0.116,0.091,0.090,0.456,0.463,0.455,0.059,0.065,0.063,0.070,0.090,0.078,0.077,0.459,0.466,0.459,0.064,0.067,0.066,0.066,0.063,0.063,0.063,0.516,0.496,0.488,0.066,0.062,0.063,0.067,0.144,0.060,0.079,0.215,0.197,0.218,0.063,0.067,0.070,0.071,0.083,0.077,0.075,0.095,0.089,0.097,0.102,0.065,0.070,0.069,0.067,0.068,0.065,0.101,0.086,0.086,0.066,0.060,0.063,0.076
